
o medssd
v 48.841682 13.347345 0.061500
v 43.470333 12.353463 0.063744
v 38.888195 9.379708 0.065647
v 48.841682 13.347345 0.061500
v 38.888195 9.379708 0.065647
v 35.792858 4.878807 0.066917
v 48.841682 13.347345 0.061500
v 35.792858 4.878807 0.066917
v 34.655560 -0.464017 0.067363
v 48.841682 13.347345 0.061500
v 34.655560 -0.464017 0.067363
v 35.649441 -5.835368 0.066917
v 48.841682 13.347345 0.061500
v 35.649441 -5.835368 0.066917
v 38.623192 -10.417506 0.065647
v 48.841682 13.347345 0.061500
v 38.623192 -10.417506 0.065647
v 43.124096 -13.512845 0.063744
v 48.841682 13.347345 0.061500
v 43.124096 -13.512845 0.063744
v 48.466919 -14.650145 0.061500
v 48.841682 13.347345 0.061500
v 48.466919 -14.650145 0.061500
v 53.838268 -13.656262 0.059256
v 48.841682 13.347345 0.061500
v 53.838268 -13.656262 0.059256
v 58.420406 -10.682508 0.057353
v 48.841682 13.347345 0.061500
v 58.420406 -10.682508 0.057353
v 61.515743 -6.181607 0.056083
v 48.841682 13.347345 0.061500
v 61.515743 -6.181607 0.056083
v 62.653042 -0.838783 0.055637
v 48.841682 13.347345 0.061500
v 62.653042 -0.838783 0.055637
v 61.659161 4.532568 0.056083
v 48.841682 13.347345 0.061500
v 61.659161 4.532568 0.056083
v 58.685410 9.114707 0.057353
v 48.841682 13.347345 0.061500
v 58.685410 9.114707 0.057353
v 54.184505 12.210046 0.059256
v 35.338337 5.076251 11.567108
v 35.797462 4.878746 11.066915
v 38.892799 9.379646 11.065644
v 35.338337 5.076251 11.567108
v 38.892799 9.379646 11.065644
v 38.544224 9.737897 11.565792
v 38.544224 9.737897 11.565792
v 38.892799 9.379646 11.065644
v 43.474941 12.353401 11.063742
v 38.544224 9.737897 11.565792
v 43.474941 12.353401 11.063742
v 43.290009 12.817859 11.563822
v 43.290009 12.817859 11.563822
v 43.474941 12.353401 11.063742
v 48.846291 13.347283 11.061498
v 43.290009 12.817859 11.563822
v 48.846291 13.347283 11.061498
v 48.853191 13.847236 11.561498
v 48.853191 13.847236 11.561498
v 48.846291 13.347283 11.061498
v 54.189114 12.209984 11.059254
v 48.853191 13.847236 11.561498
v 54.189114 12.209984 11.059254
v 54.386833 12.669319 11.559174
v 54.386833 12.669319 11.559174
v 54.189114 12.209984 11.059254
v 58.690014 9.114645 11.057351
v 54.386833 12.669319 11.559174
v 58.690014 9.114645 11.057351
v 59.048477 9.463431 11.557203
v 59.048477 9.463431 11.557203
v 58.690014 9.114645 11.057351
v 61.663769 4.532506 11.056081
v 59.048477 9.463431 11.557203
v 61.663769 4.532506 11.056081
v 62.128437 4.717646 11.555887
v 62.128437 4.717646 11.555887
v 61.663769 4.532506 11.056081
v 62.657650 -0.838845 11.055634
v 62.128437 4.717646 11.555887
v 62.657650 -0.838845 11.055634
v 63.157814 -0.845540 11.555425
v 63.157814 -0.845540 11.555425
v 62.657650 -0.838845 11.055634
v 61.520351 -6.181669 11.056081
v 63.157814 -0.845540 11.555425
v 61.520351 -6.181669 11.056081
v 61.979897 -6.379180 11.555887
v 61.979897 -6.379180 11.555887
v 61.520351 -6.181669 11.056081
v 58.425011 -10.682570 11.057351
v 61.979897 -6.379180 11.555887
v 58.425011 -10.682570 11.057351
v 58.774010 -11.040826 11.557203
v 58.774010 -11.040826 11.557203
v 58.425011 -10.682570 11.057351
v 53.842873 -13.656324 11.059254
v 58.774010 -11.040826 11.557203
v 53.842873 -13.656324 11.059254
v 54.028225 -14.120787 11.559174
v 54.028225 -14.120787 11.559174
v 53.842873 -13.656324 11.059254
v 48.471523 -14.650207 11.061498
v 54.028225 -14.120787 11.559174
v 48.471523 -14.650207 11.061498
v 48.465042 -15.150165 11.561498
v 48.465042 -15.150165 11.561498
v 48.471523 -14.650207 11.061498
v 43.128700 -13.512907 11.063742
v 48.465042 -15.150165 11.561498
v 43.128700 -13.512907 11.063742
v 42.931400 -13.972248 11.563822
v 42.931400 -13.972248 11.563822
v 43.128700 -13.512907 11.063742
v 38.627800 -10.417568 11.065644
v 42.931400 -13.972248 11.563822
v 38.627800 -10.417568 11.065644
v 38.269756 -10.766360 11.565792
v 38.269756 -10.766360 11.565792
v 38.627800 -10.417568 11.065644
v 35.654045 -5.835430 11.066915
v 38.269756 -10.766360 11.565792
v 35.654045 -5.835430 11.066915
v 35.189796 -6.020575 11.567108
v 35.189796 -6.020575 11.567108
v 35.654045 -5.835430 11.066915
v 34.660164 -0.464078 11.067361
v 35.189796 -6.020575 11.567108
v 34.660164 -0.464078 11.067361
v 34.160419 -0.457389 11.567571
v 34.160419 -0.457389 11.567571
v 34.660164 -0.464078 11.067361
v 35.797462 4.878746 11.066915
v 34.160419 -0.457389 11.567571
v 35.797462 4.878746 11.066915
v 35.338337 5.076251 11.567108
v 35.797882 4.878740 12.066915
v 35.338337 5.076251 11.567108
v 38.544224 9.737897 11.565792
v 35.797882 4.878740 12.066915
v 38.544224 9.737897 11.565792
v 38.893219 9.379641 12.065644
v 38.893219 9.379641 12.065644
v 38.544224 9.737897 11.565792
v 43.290009 12.817859 11.563822
v 38.893219 9.379641 12.065644
v 43.290009 12.817859 11.563822
v 43.475361 12.353395 12.063742
v 43.475361 12.353395 12.063742
v 43.290009 12.817859 11.563822
v 48.853191 13.847236 11.561498
v 43.475361 12.353395 12.063742
v 48.853191 13.847236 11.561498
v 48.846710 13.347278 12.061498
v 48.846710 13.347278 12.061498
v 48.853191 13.847236 11.561498
v 54.386833 12.669319 11.559174
v 48.846710 13.347278 12.061498
v 54.386833 12.669319 11.559174
v 54.189533 12.209978 12.059254
v 54.189533 12.209978 12.059254
v 54.386833 12.669319 11.559174
v 59.048477 9.463431 11.557203
v 54.189533 12.209978 12.059254
v 59.048477 9.463431 11.557203
v 58.690434 9.114639 12.057351
v 58.690434 9.114639 12.057351
v 59.048477 9.463431 11.557203
v 62.128437 4.717646 11.555887
v 58.690434 9.114639 12.057351
v 62.128437 4.717646 11.555887
v 61.664185 4.532501 12.056081
v 61.664185 4.532501 12.056081
v 62.128437 4.717646 11.555887
v 63.157814 -0.845540 11.555425
v 61.664185 4.532501 12.056081
v 63.157814 -0.845540 11.555425
v 62.658066 -0.838851 12.055634
v 62.658066 -0.838851 12.055634
v 63.157814 -0.845540 11.555425
v 61.979897 -6.379180 11.555887
v 62.658066 -0.838851 12.055634
v 61.979897 -6.379180 11.555887
v 61.520767 -6.181674 12.056081
v 61.520767 -6.181674 12.056081
v 61.979897 -6.379180 11.555887
v 58.774010 -11.040826 11.557203
v 61.520767 -6.181674 12.056081
v 58.774010 -11.040826 11.557203
v 58.425430 -10.682575 12.057351
v 58.425430 -10.682575 12.057351
v 58.774010 -11.040826 11.557203
v 54.028225 -14.120787 11.559174
v 58.425430 -10.682575 12.057351
v 54.028225 -14.120787 11.559174
v 53.843292 -13.656330 12.059254
v 53.843292 -13.656330 12.059254
v 54.028225 -14.120787 11.559174
v 48.465042 -15.150165 11.561498
v 53.843292 -13.656330 12.059254
v 48.465042 -15.150165 11.561498
v 48.471943 -14.650212 12.061498
v 48.471943 -14.650212 12.061498
v 48.465042 -15.150165 11.561498
v 42.931400 -13.972248 11.563822
v 48.471943 -14.650212 12.061498
v 42.931400 -13.972248 11.563822
v 43.129120 -13.512913 12.063742
v 43.129120 -13.512913 12.063742
v 42.931400 -13.972248 11.563822
v 38.269756 -10.766360 11.565792
v 43.129120 -13.512913 12.063742
v 38.269756 -10.766360 11.565792
v 38.628220 -10.417574 12.065644
v 38.628220 -10.417574 12.065644
v 38.269756 -10.766360 11.565792
v 35.189796 -6.020575 11.567108
v 38.628220 -10.417574 12.065644
v 35.189796 -6.020575 11.567108
v 35.654465 -5.835435 12.066915
v 35.654465 -5.835435 12.066915
v 35.189796 -6.020575 11.567108
v 34.160419 -0.457389 11.567571
v 35.654465 -5.835435 12.066915
v 34.160419 -0.457389 11.567571
v 34.660583 -0.464084 12.067361
v 34.660583 -0.464084 12.067361
v 34.160419 -0.457389 11.567571
v 35.338337 5.076251 11.567108
v 34.660583 -0.464084 12.067361
v 35.338337 5.076251 11.567108
v 35.797882 4.878740 12.066915
v 35.347549 5.076128 33.567104
v 35.806679 4.878622 33.066910
v 38.902016 9.379523 33.065639
v 35.347549 5.076128 33.567104
v 38.902016 9.379523 33.065639
v 38.553436 9.737774 33.565788
v 38.553436 9.737774 33.565788
v 38.902016 9.379523 33.065639
v 43.484154 12.353278 33.063736
v 38.553436 9.737774 33.565788
v 43.484154 12.353278 33.063736
v 43.299221 12.817736 33.563816
v 43.299221 12.817736 33.563816
v 43.484154 12.353278 33.063736
v 48.855503 13.347160 33.061493
v 43.299221 12.817736 33.563816
v 48.855503 13.347160 33.061493
v 48.862408 13.847113 33.561493
v 48.862408 13.847113 33.561493
v 48.855503 13.347160 33.061493
v 54.198326 12.209861 33.059250
v 48.862408 13.847113 33.561493
v 54.198326 12.209861 33.059250
v 54.396046 12.669196 33.559170
v 54.396046 12.669196 33.559170
v 54.198326 12.209861 33.059250
v 58.699226 9.114522 33.057346
v 54.396046 12.669196 33.559170
v 58.699226 9.114522 33.057346
v 59.057690 9.463308 33.557198
v 59.057690 9.463308 33.557198
v 58.699226 9.114522 33.057346
v 61.672981 4.532383 33.056076
v 59.057690 9.463308 33.557198
v 61.672981 4.532383 33.056076
v 62.137650 4.717522 33.555882
v 62.137650 4.717522 33.555882
v 61.672981 4.532383 33.056076
v 62.666862 -0.838968 33.055630
v 62.137650 4.717522 33.555882
v 62.666862 -0.838968 33.055630
v 63.167027 -0.845663 33.555420
v 63.167027 -0.845663 33.555420
v 62.666862 -0.838968 33.055630
v 61.529564 -6.181792 33.056076
v 63.167027 -0.845663 33.555420
v 61.529564 -6.181792 33.056076
v 61.989109 -6.379303 33.555882
v 61.989109 -6.379303 33.555882
v 61.529564 -6.181792 33.056076
v 58.434227 -10.682693 33.057346
v 61.989109 -6.379303 33.555882
v 58.434227 -10.682693 33.057346
v 58.783226 -11.040949 33.557198
v 58.783226 -11.040949 33.557198
v 58.434227 -10.682693 33.057346
v 53.852089 -13.656447 33.059250
v 58.783226 -11.040949 33.557198
v 53.852089 -13.656447 33.059250
v 54.037441 -14.120910 33.559170
v 54.037441 -14.120910 33.559170
v 53.852089 -13.656447 33.059250
v 48.480740 -14.650330 33.061493
v 54.037441 -14.120910 33.559170
v 48.480740 -14.650330 33.061493
v 48.474255 -15.150288 33.561493
v 48.474255 -15.150288 33.561493
v 48.480740 -14.650330 33.061493
v 43.137917 -13.513030 33.063736
v 48.474255 -15.150288 33.561493
v 43.137917 -13.513030 33.063736
v 42.940617 -13.972370 33.563816
v 42.940617 -13.972370 33.563816
v 43.137917 -13.513030 33.063736
v 38.637012 -10.417691 33.065639
v 42.940617 -13.972370 33.563816
v 38.637012 -10.417691 33.065639
v 38.278969 -10.766483 33.565788
v 38.278969 -10.766483 33.565788
v 38.637012 -10.417691 33.065639
v 35.663261 -5.835553 33.066910
v 38.278969 -10.766483 33.565788
v 35.663261 -5.835553 33.066910
v 35.199013 -6.020698 33.567104
v 35.199013 -6.020698 33.567104
v 35.663261 -5.835553 33.066910
v 34.669380 -0.464202 33.067356
v 35.199013 -6.020698 33.567104
v 34.669380 -0.464202 33.067356
v 34.169632 -0.457512 33.567566
v 34.169632 -0.457512 33.567566
v 34.669380 -0.464202 33.067356
v 35.806679 4.878622 33.066910
v 34.169632 -0.457512 33.567566
v 35.806679 4.878622 33.066910
v 35.347549 5.076128 33.567104
v 35.807095 4.878616 34.066910
v 35.347549 5.076128 33.567104
v 38.553436 9.737774 33.565788
v 35.807095 4.878616 34.066910
v 38.553436 9.737774 33.565788
v 38.902435 9.379518 34.065639
v 38.902435 9.379518 34.065639
v 38.553436 9.737774 33.565788
v 43.299221 12.817736 33.563816
v 38.902435 9.379518 34.065639
v 43.299221 12.817736 33.563816
v 43.484573 12.353272 34.063736
v 43.484573 12.353272 34.063736
v 43.299221 12.817736 33.563816
v 48.862408 13.847113 33.561493
v 43.484573 12.353272 34.063736
v 48.862408 13.847113 33.561493
v 48.855923 13.347155 34.061493
v 48.855923 13.347155 34.061493
v 48.862408 13.847113 33.561493
v 54.396046 12.669196 33.559170
v 48.855923 13.347155 34.061493
v 54.396046 12.669196 33.559170
v 54.198746 12.209855 34.059250
v 54.198746 12.209855 34.059250
v 54.396046 12.669196 33.559170
v 59.057690 9.463308 33.557198
v 54.198746 12.209855 34.059250
v 59.057690 9.463308 33.557198
v 58.699646 9.114516 34.057346
v 58.699646 9.114516 34.057346
v 59.057690 9.463308 33.557198
v 62.137650 4.717522 33.555882
v 58.699646 9.114516 34.057346
v 62.137650 4.717522 33.555882
v 61.673401 4.532377 34.056076
v 61.673401 4.532377 34.056076
v 62.137650 4.717522 33.555882
v 63.167027 -0.845663 33.555420
v 61.673401 4.532377 34.056076
v 63.167027 -0.845663 33.555420
v 62.667282 -0.838974 34.055630
v 62.667282 -0.838974 34.055630
v 63.167027 -0.845663 33.555420
v 61.989109 -6.379303 33.555882
v 62.667282 -0.838974 34.055630
v 61.989109 -6.379303 33.555882
v 61.529984 -6.181798 34.056076
v 61.529984 -6.181798 34.056076
v 61.989109 -6.379303 33.555882
v 58.783226 -11.040949 33.557198
v 61.529984 -6.181798 34.056076
v 58.783226 -11.040949 33.557198
v 58.434647 -10.682698 34.057346
v 58.434647 -10.682698 34.057346
v 58.783226 -11.040949 33.557198
v 54.037441 -14.120910 33.559170
v 58.434647 -10.682698 34.057346
v 54.037441 -14.120910 33.559170
v 53.852509 -13.656453 34.059250
v 53.852509 -13.656453 34.059250
v 54.037441 -14.120910 33.559170
v 48.474255 -15.150288 33.561493
v 53.852509 -13.656453 34.059250
v 48.474255 -15.150288 33.561493
v 48.481155 -14.650335 34.061493
v 48.481155 -14.650335 34.061493
v 48.474255 -15.150288 33.561493
v 42.940617 -13.972370 33.563816
v 48.481155 -14.650335 34.061493
v 42.940617 -13.972370 33.563816
v 43.138332 -13.513036 34.063736
v 43.138332 -13.513036 34.063736
v 42.940617 -13.972370 33.563816
v 38.278969 -10.766483 33.565788
v 43.138332 -13.513036 34.063736
v 38.278969 -10.766483 33.565788
v 38.637432 -10.417697 34.065639
v 38.637432 -10.417697 34.065639
v 38.278969 -10.766483 33.565788
v 35.199013 -6.020698 33.567104
v 38.637432 -10.417697 34.065639
v 35.199013 -6.020698 33.567104
v 35.663677 -5.835559 34.066910
v 35.663677 -5.835559 34.066910
v 35.199013 -6.020698 33.567104
v 34.169632 -0.457512 33.567566
v 35.663677 -5.835559 34.066910
v 34.169632 -0.457512 33.567566
v 34.669796 -0.464207 34.067356
v 34.669796 -0.464207 34.067356
v 34.169632 -0.457512 33.567566
v 35.347549 5.076128 33.567104
v 34.669796 -0.464207 34.067356
v 35.347549 5.076128 33.567104
v 35.807095 4.878616 34.066910
v 35.663677 -5.835559 34.066910
v 35.668285 -5.835620 45.066910
v 38.642040 -10.417759 45.065639
v 35.663677 -5.835559 34.066910
v 38.642040 -10.417759 45.065639
v 38.637432 -10.417697 34.065639
v 38.637432 -10.417697 34.065639
v 38.642040 -10.417759 45.065639
v 43.142941 -13.513098 45.063736
v 38.637432 -10.417697 34.065639
v 43.142941 -13.513098 45.063736
v 43.138332 -13.513036 34.063736
v 43.138332 -13.513036 34.063736
v 43.142941 -13.513098 45.063736
v 48.485764 -14.650397 45.061493
v 43.138332 -13.513036 34.063736
v 48.485764 -14.650397 45.061493
v 48.481155 -14.650335 34.061493
v 48.481155 -14.650335 34.061493
v 48.485764 -14.650397 45.061493
v 53.857113 -13.656515 45.059250
v 48.481155 -14.650335 34.061493
v 53.857113 -13.656515 45.059250
v 53.852509 -13.656453 34.059250
v 53.852509 -13.656453 34.059250
v 53.857113 -13.656515 45.059250
v 58.439251 -10.682760 45.057346
v 53.852509 -13.656453 34.059250
v 58.439251 -10.682760 45.057346
v 58.434647 -10.682698 34.057346
v 58.434647 -10.682698 34.057346
v 58.439251 -10.682760 45.057346
v 61.534592 -6.181859 45.056076
v 58.434647 -10.682698 34.057346
v 61.534592 -6.181859 45.056076
v 61.529984 -6.181798 34.056076
v 61.529984 -6.181798 34.056076
v 61.534592 -6.181859 45.056076
v 62.671890 -0.839036 45.055630
v 61.529984 -6.181798 34.056076
v 62.671890 -0.839036 45.055630
v 62.667282 -0.838974 34.055630
v 62.667282 -0.838974 34.055630
v 62.671890 -0.839036 45.055630
v 61.678009 4.532316 45.056076
v 62.667282 -0.838974 34.055630
v 61.678009 4.532316 45.056076
v 61.673401 4.532377 34.056076
v 61.673401 4.532377 34.056076
v 61.678009 4.532316 45.056076
v 58.704254 9.114454 45.057346
v 61.673401 4.532377 34.056076
v 58.704254 9.114454 45.057346
v 58.699646 9.114516 34.057346
v 58.699646 9.114516 34.057346
v 58.704254 9.114454 45.057346
v 54.203354 12.209793 45.059250
v 58.699646 9.114516 34.057346
v 54.203354 12.209793 45.059250
v 54.198746 12.209855 34.059250
v 54.198746 12.209855 34.059250
v 54.203354 12.209793 45.059250
v 48.860531 13.347093 45.061493
v 54.198746 12.209855 34.059250
v 48.860531 13.347093 45.061493
v 48.855923 13.347155 34.061493
v 48.855923 13.347155 34.061493
v 48.860531 13.347093 45.061493
v 43.489178 12.353210 45.063736
v 48.855923 13.347155 34.061493
v 43.489178 12.353210 45.063736
v 43.484573 12.353272 34.063736
v 43.484573 12.353272 34.063736
v 43.489178 12.353210 45.063736
v 38.907040 9.379456 45.065639
v 43.484573 12.353272 34.063736
v 38.907040 9.379456 45.065639
v 38.902435 9.379518 34.065639
v 38.902435 9.379518 34.065639
v 38.907040 9.379456 45.065639
v 35.811703 4.878555 45.066910
v 38.902435 9.379518 34.065639
v 35.811703 4.878555 45.066910
v 35.807095 4.878616 34.066910
v 35.807095 4.878616 34.066910
v 35.811703 4.878555 45.066910
v 34.674404 -0.464269 45.067356
v 35.807095 4.878616 34.066910
v 34.674404 -0.464269 45.067356
v 34.669796 -0.464207 34.067356
v 34.669796 -0.464207 34.067356
v 34.674404 -0.464269 45.067356
v 35.668285 -5.835620 45.066910
v 34.669796 -0.464207 34.067356
v 35.668285 -5.835620 45.066910
v 35.663677 -5.835559 34.066910
v 35.654465 -5.835435 12.066915
v 35.663261 -5.835553 33.066910
v 38.637012 -10.417691 33.065639
v 35.654465 -5.835435 12.066915
v 38.637012 -10.417691 33.065639
v 38.628220 -10.417574 12.065644
v 38.628220 -10.417574 12.065644
v 38.637012 -10.417691 33.065639
v 43.137917 -13.513030 33.063736
v 38.628220 -10.417574 12.065644
v 43.137917 -13.513030 33.063736
v 43.129120 -13.512913 12.063742
v 43.129120 -13.512913 12.063742
v 43.137917 -13.513030 33.063736
v 48.480740 -14.650330 33.061493
v 43.129120 -13.512913 12.063742
v 48.480740 -14.650330 33.061493
v 48.471943 -14.650212 12.061498
v 48.471943 -14.650212 12.061498
v 48.480740 -14.650330 33.061493
v 53.852089 -13.656447 33.059250
v 48.471943 -14.650212 12.061498
v 53.852089 -13.656447 33.059250
v 53.843292 -13.656330 12.059254
v 53.843292 -13.656330 12.059254
v 53.852089 -13.656447 33.059250
v 58.434227 -10.682693 33.057346
v 53.843292 -13.656330 12.059254
v 58.434227 -10.682693 33.057346
v 58.425430 -10.682575 12.057351
v 58.425430 -10.682575 12.057351
v 58.434227 -10.682693 33.057346
v 61.529564 -6.181792 33.056076
v 58.425430 -10.682575 12.057351
v 61.529564 -6.181792 33.056076
v 61.520767 -6.181674 12.056081
v 61.520767 -6.181674 12.056081
v 61.529564 -6.181792 33.056076
v 62.666862 -0.838968 33.055630
v 61.520767 -6.181674 12.056081
v 62.666862 -0.838968 33.055630
v 62.658066 -0.838851 12.055634
v 62.658066 -0.838851 12.055634
v 62.666862 -0.838968 33.055630
v 61.672981 4.532383 33.056076
v 62.658066 -0.838851 12.055634
v 61.672981 4.532383 33.056076
v 61.664185 4.532501 12.056081
v 61.664185 4.532501 12.056081
v 61.672981 4.532383 33.056076
v 58.699226 9.114522 33.057346
v 61.664185 4.532501 12.056081
v 58.699226 9.114522 33.057346
v 58.690434 9.114639 12.057351
v 58.690434 9.114639 12.057351
v 58.699226 9.114522 33.057346
v 54.198326 12.209861 33.059250
v 58.690434 9.114639 12.057351
v 54.198326 12.209861 33.059250
v 54.189533 12.209978 12.059254
v 54.189533 12.209978 12.059254
v 54.198326 12.209861 33.059250
v 48.855503 13.347160 33.061493
v 54.189533 12.209978 12.059254
v 48.855503 13.347160 33.061493
v 48.846710 13.347278 12.061498
v 48.846710 13.347278 12.061498
v 48.855503 13.347160 33.061493
v 43.484154 12.353278 33.063736
v 48.846710 13.347278 12.061498
v 43.484154 12.353278 33.063736
v 43.475361 12.353395 12.063742
v 43.475361 12.353395 12.063742
v 43.484154 12.353278 33.063736
v 38.902016 9.379523 33.065639
v 43.475361 12.353395 12.063742
v 38.902016 9.379523 33.065639
v 38.893219 9.379641 12.065644
v 38.893219 9.379641 12.065644
v 38.902016 9.379523 33.065639
v 35.806679 4.878622 33.066910
v 38.893219 9.379641 12.065644
v 35.806679 4.878622 33.066910
v 35.797882 4.878740 12.066915
v 35.797882 4.878740 12.066915
v 35.806679 4.878622 33.066910
v 34.669380 -0.464202 33.067356
v 35.797882 4.878740 12.066915
v 34.669380 -0.464202 33.067356
v 34.660583 -0.464084 12.067361
v 34.660583 -0.464084 12.067361
v 34.669380 -0.464202 33.067356
v 35.663261 -5.835553 33.066910
v 34.660583 -0.464084 12.067361
v 35.663261 -5.835553 33.066910
v 35.654465 -5.835435 12.066915
v 35.649441 -5.835368 0.066917
v 35.654045 -5.835430 11.066915
v 38.627800 -10.417568 11.065644
v 35.649441 -5.835368 0.066917
v 38.627800 -10.417568 11.065644
v 38.623192 -10.417506 0.065647
v 38.623192 -10.417506 0.065647
v 38.627800 -10.417568 11.065644
v 43.128700 -13.512907 11.063742
v 38.623192 -10.417506 0.065647
v 43.128700 -13.512907 11.063742
v 43.124096 -13.512845 0.063744
v 43.124096 -13.512845 0.063744
v 43.128700 -13.512907 11.063742
v 48.471523 -14.650207 11.061498
v 43.124096 -13.512845 0.063744
v 48.471523 -14.650207 11.061498
v 48.466919 -14.650145 0.061500
v 48.466919 -14.650145 0.061500
v 48.471523 -14.650207 11.061498
v 53.842873 -13.656324 11.059254
v 48.466919 -14.650145 0.061500
v 53.842873 -13.656324 11.059254
v 53.838268 -13.656262 0.059256
v 53.838268 -13.656262 0.059256
v 53.842873 -13.656324 11.059254
v 58.425011 -10.682570 11.057351
v 53.838268 -13.656262 0.059256
v 58.425011 -10.682570 11.057351
v 58.420406 -10.682508 0.057353
v 58.420406 -10.682508 0.057353
v 58.425011 -10.682570 11.057351
v 61.520351 -6.181669 11.056081
v 58.420406 -10.682508 0.057353
v 61.520351 -6.181669 11.056081
v 61.515743 -6.181607 0.056083
v 61.515743 -6.181607 0.056083
v 61.520351 -6.181669 11.056081
v 62.657650 -0.838845 11.055634
v 61.515743 -6.181607 0.056083
v 62.657650 -0.838845 11.055634
v 62.653042 -0.838783 0.055637
v 62.653042 -0.838783 0.055637
v 62.657650 -0.838845 11.055634
v 61.663769 4.532506 11.056081
v 62.653042 -0.838783 0.055637
v 61.663769 4.532506 11.056081
v 61.659161 4.532568 0.056083
v 61.659161 4.532568 0.056083
v 61.663769 4.532506 11.056081
v 58.690014 9.114645 11.057351
v 61.659161 4.532568 0.056083
v 58.690014 9.114645 11.057351
v 58.685410 9.114707 0.057353
v 58.685410 9.114707 0.057353
v 58.690014 9.114645 11.057351
v 54.189114 12.209984 11.059254
v 58.685410 9.114707 0.057353
v 54.189114 12.209984 11.059254
v 54.184505 12.210046 0.059256
v 54.184505 12.210046 0.059256
v 54.189114 12.209984 11.059254
v 48.846291 13.347283 11.061498
v 54.184505 12.210046 0.059256
v 48.846291 13.347283 11.061498
v 48.841682 13.347345 0.061500
v 48.841682 13.347345 0.061500
v 48.846291 13.347283 11.061498
v 43.474941 12.353401 11.063742
v 48.841682 13.347345 0.061500
v 43.474941 12.353401 11.063742
v 43.470333 12.353463 0.063744
v 43.470333 12.353463 0.063744
v 43.474941 12.353401 11.063742
v 38.892799 9.379646 11.065644
v 43.470333 12.353463 0.063744
v 38.892799 9.379646 11.065644
v 38.888195 9.379708 0.065647
v 38.888195 9.379708 0.065647
v 38.892799 9.379646 11.065644
v 35.797462 4.878746 11.066915
v 38.888195 9.379708 0.065647
v 35.797462 4.878746 11.066915
v 35.792858 4.878807 0.066917
v 35.792858 4.878807 0.066917
v 35.797462 4.878746 11.066915
v 34.660164 -0.464078 11.067361
v 35.792858 4.878807 0.066917
v 34.660164 -0.464078 11.067361
v 34.655560 -0.464017 0.067363
v 34.655560 -0.464017 0.067363
v 34.660164 -0.464078 11.067361
v 35.654045 -5.835430 11.066915
v 34.655560 -0.464017 0.067363
v 35.654045 -5.835430 11.066915
v 35.649441 -5.835368 0.066917
v 43.489178 12.353210 45.063736
v 48.860531 13.347093 45.061493
v 54.203354 12.209793 45.059250
v 43.489178 12.353210 45.063736
v 54.203354 12.209793 45.059250
v 58.704254 9.114454 45.057346
v 43.489178 12.353210 45.063736
v 58.704254 9.114454 45.057346
v 61.678009 4.532316 45.056076
v 43.489178 12.353210 45.063736
v 61.678009 4.532316 45.056076
v 62.671890 -0.839036 45.055630
v 43.489178 12.353210 45.063736
v 62.671890 -0.839036 45.055630
v 61.534592 -6.181859 45.056076
v 43.489178 12.353210 45.063736
v 61.534592 -6.181859 45.056076
v 58.439251 -10.682760 45.057346
v 43.489178 12.353210 45.063736
v 58.439251 -10.682760 45.057346
v 53.857113 -13.656515 45.059250
v 43.489178 12.353210 45.063736
v 53.857113 -13.656515 45.059250
v 48.485764 -14.650397 45.061493
v 43.489178 12.353210 45.063736
v 48.485764 -14.650397 45.061493
v 43.142941 -13.513098 45.063736
v 43.489178 12.353210 45.063736
v 43.142941 -13.513098 45.063736
v 38.642040 -10.417759 45.065639
v 43.489178 12.353210 45.063736
v 38.642040 -10.417759 45.065639
v 35.668285 -5.835620 45.066910
v 43.489178 12.353210 45.063736
v 35.668285 -5.835620 45.066910
v 34.674404 -0.464269 45.067356
v 43.489178 12.353210 45.063736
v 34.674404 -0.464269 45.067356
v 35.811703 4.878555 45.066910
v 43.489178 12.353210 45.063736
v 35.811703 4.878555 45.066910
v 38.907040 9.379456 45.065639
vn -0.000419 0.000006 -1.000000
vn -0.000419 0.000006 -1.000000
vn -0.000419 0.000006 -1.000000
vn -0.000419 0.000006 -1.000000
vn -0.000419 0.000006 -1.000000
vn -0.000419 0.000006 -1.000000
vn -0.000419 0.000006 -1.000000
vn -0.000419 0.000006 -1.000000
vn -0.000419 0.000006 -1.000000
vn -0.000419 0.000006 -1.000000
vn -0.000419 0.000006 -1.000000
vn -0.000419 0.000006 -1.000000
vn -0.000419 0.000006 -1.000000
vn -0.000419 0.000006 -1.000000
vn -0.000419 0.000006 -1.000000
vn -0.000419 0.000006 -1.000000
vn -0.000419 0.000006 -1.000000
vn -0.000419 0.000006 -1.000000
vn -0.000419 0.000006 -1.000000
vn -0.000419 0.000006 -1.000000
vn -0.000419 0.000006 -1.000000
vn -0.000419 0.000006 -1.000000
vn -0.000419 0.000006 -1.000000
vn -0.000419 0.000006 -1.000000
vn -0.000419 0.000006 -1.000000
vn -0.000419 0.000006 -1.000000
vn -0.000419 0.000006 -1.000000
vn -0.000419 0.000006 -1.000000
vn -0.000419 0.000006 -1.000000
vn -0.000419 0.000006 -1.000000
vn -0.000419 0.000006 -1.000000
vn -0.000419 0.000006 -1.000000
vn -0.000419 0.000006 -1.000000
vn -0.000419 0.000006 -1.000000
vn -0.000419 0.000006 -1.000000
vn -0.000419 0.000006 -1.000000
vn -0.000419 0.000006 -1.000000
vn -0.000419 0.000006 -1.000000
vn -0.000419 0.000006 -1.000000
vn -0.000419 0.000006 -1.000000
vn -0.000419 0.000006 -1.000000
vn -0.000419 0.000006 -1.000000
vn -0.649897 0.279321 -0.706833
vn -0.649897 0.279321 -0.706833
vn -0.493559 0.506651 -0.706897
vn -0.649897 0.279321 -0.706833
vn -0.493559 0.506651 -0.706897
vn -0.493559 0.506651 -0.706897
vn -0.493559 0.506651 -0.706897
vn -0.493559 0.506651 -0.706897
vn -0.262126 0.656849 -0.706993
vn -0.493559 0.506651 -0.706897
vn -0.262126 0.656849 -0.706993
vn -0.262126 0.656849 -0.706993
vn -0.262126 0.656849 -0.706993
vn -0.262126 0.656849 -0.706993
vn 0.009168 0.707047 -0.707107
vn -0.262126 0.656849 -0.706993
vn 0.009168 0.707047 -0.707107
vn 0.009168 0.707047 -0.707107
vn 0.009168 0.707047 -0.707107
vn 0.009168 0.707047 -0.707107
vn 0.279021 0.649605 -0.707220
vn 0.009168 0.707047 -0.707107
vn 0.279021 0.649605 -0.707220
vn 0.279021 0.649605 -0.707220
vn 0.279021 0.649605 -0.707220
vn 0.279021 0.649605 -0.707220
vn 0.506351 0.493267 -0.707316
vn 0.279021 0.649605 -0.707220
vn 0.506351 0.493267 -0.707316
vn 0.506351 0.493267 -0.707316
vn 0.506351 0.493267 -0.707316
vn 0.506351 0.493267 -0.707316
vn 0.656548 0.261834 -0.707381
vn 0.506351 0.493267 -0.707316
vn 0.656548 0.261834 -0.707381
vn 0.656548 0.261834 -0.707381
vn 0.656548 0.261834 -0.707381
vn 0.656548 0.261834 -0.707381
vn 0.706747 -0.009460 -0.707403
vn 0.656548 0.261834 -0.707381
vn 0.706747 -0.009460 -0.707403
vn 0.706747 -0.009460 -0.707403
vn 0.706747 -0.009460 -0.707403
vn 0.706747 -0.009460 -0.707403
vn 0.649305 -0.279313 -0.707380
vn 0.706747 -0.009460 -0.707403
vn 0.649305 -0.279313 -0.707380
vn 0.649305 -0.279313 -0.707380
vn 0.649305 -0.279313 -0.707380
vn 0.649305 -0.279313 -0.707380
vn 0.492967 -0.506643 -0.707316
vn 0.649305 -0.279313 -0.707380
vn 0.492967 -0.506643 -0.707316
vn 0.492967 -0.506643 -0.707316
vn 0.492967 -0.506643 -0.707316
vn 0.492967 -0.506643 -0.707316
vn 0.261533 -0.656841 -0.707220
vn 0.492967 -0.506643 -0.707316
vn 0.261533 -0.656841 -0.707220
vn 0.261533 -0.656841 -0.707220
vn 0.261533 -0.656841 -0.707220
vn 0.261533 -0.656841 -0.707220
vn -0.009760 -0.707039 -0.707107
vn 0.261533 -0.656841 -0.707220
vn -0.009760 -0.707039 -0.707107
vn -0.009760 -0.707039 -0.707107
vn -0.009760 -0.707039 -0.707107
vn -0.009760 -0.707039 -0.707107
vn -0.279614 -0.649597 -0.706994
vn -0.009760 -0.707039 -0.707107
vn -0.279614 -0.649597 -0.706994
vn -0.279614 -0.649597 -0.706994
vn -0.279614 -0.649597 -0.706994
vn -0.279614 -0.649597 -0.706994
vn -0.506943 -0.493259 -0.706897
vn -0.279614 -0.649597 -0.706994
vn -0.506943 -0.493259 -0.706897
vn -0.506943 -0.493259 -0.706897
vn -0.506943 -0.493259 -0.706897
vn -0.506943 -0.493259 -0.706897
vn -0.657140 -0.261826 -0.706833
vn -0.506943 -0.493259 -0.706897
vn -0.657140 -0.261826 -0.706833
vn -0.657140 -0.261826 -0.706833
vn -0.657140 -0.261826 -0.706833
vn -0.657140 -0.261826 -0.706833
vn -0.707339 0.009468 -0.706810
vn -0.657140 -0.261826 -0.706833
vn -0.707339 0.009468 -0.706810
vn -0.707339 0.009468 -0.706810
vn -0.707339 0.009468 -0.706810
vn -0.707339 0.009468 -0.706810
vn -0.649897 0.279321 -0.706833
vn -0.707339 0.009468 -0.706810
vn -0.649897 0.279321 -0.706833
vn -0.649897 0.279321 -0.706833
vn -0.649305 0.279313 0.707380
vn -0.649305 0.279313 0.707380
vn -0.492967 0.506643 0.707316
vn -0.649305 0.279313 0.707380
vn -0.492967 0.506643 0.707316
vn -0.492967 0.506643 0.707316
vn -0.492967 0.506643 0.707316
vn -0.492967 0.506643 0.707316
vn -0.261533 0.656841 0.707220
vn -0.492967 0.506643 0.707316
vn -0.261533 0.656841 0.707220
vn -0.261533 0.656841 0.707220
vn -0.261533 0.656841 0.707220
vn -0.261533 0.656841 0.707220
vn 0.009760 0.707039 0.707107
vn -0.261533 0.656841 0.707220
vn 0.009760 0.707039 0.707107
vn 0.009760 0.707039 0.707107
vn 0.009760 0.707039 0.707107
vn 0.009760 0.707039 0.707107
vn 0.279614 0.649597 0.706993
vn 0.009760 0.707039 0.707107
vn 0.279614 0.649597 0.706993
vn 0.279614 0.649597 0.706993
vn 0.279614 0.649597 0.706993
vn 0.279614 0.649597 0.706993
vn 0.506943 0.493259 0.706897
vn 0.279614 0.649597 0.706993
vn 0.506943 0.493259 0.706897
vn 0.506943 0.493259 0.706897
vn 0.506943 0.493259 0.706897
vn 0.506943 0.493259 0.706897
vn 0.657141 0.261826 0.706833
vn 0.506943 0.493259 0.706897
vn 0.657141 0.261826 0.706833
vn 0.657141 0.261826 0.706833
vn 0.657141 0.261826 0.706833
vn 0.657141 0.261826 0.706833
vn 0.707339 -0.009468 0.706810
vn 0.657141 0.261826 0.706833
vn 0.707339 -0.009468 0.706810
vn 0.707339 -0.009468 0.706810
vn 0.707339 -0.009468 0.706810
vn 0.707339 -0.009468 0.706810
vn 0.649897 -0.279321 0.706833
vn 0.707339 -0.009468 0.706810
vn 0.649897 -0.279321 0.706833
vn 0.649897 -0.279321 0.706833
vn 0.649897 -0.279321 0.706833
vn 0.649897 -0.279321 0.706833
vn 0.493559 -0.506651 0.706897
vn 0.649897 -0.279321 0.706833
vn 0.493559 -0.506651 0.706897
vn 0.493559 -0.506651 0.706897
vn 0.493559 -0.506651 0.706897
vn 0.493559 -0.506651 0.706897
vn 0.262126 -0.656849 0.706993
vn 0.493559 -0.506651 0.706897
vn 0.262126 -0.656849 0.706993
vn 0.262126 -0.656849 0.706993
vn 0.262126 -0.656849 0.706993
vn 0.262126 -0.656849 0.706993
vn -0.009168 -0.707047 0.707107
vn 0.262126 -0.656849 0.706993
vn -0.009168 -0.707047 0.707107
vn -0.009168 -0.707047 0.707107
vn -0.009168 -0.707047 0.707107
vn -0.009168 -0.707047 0.707107
vn -0.279021 -0.649605 0.707220
vn -0.009168 -0.707047 0.707107
vn -0.279021 -0.649605 0.707220
vn -0.279021 -0.649605 0.707220
vn -0.279021 -0.649605 0.707220
vn -0.279021 -0.649605 0.707220
vn -0.506351 -0.493267 0.707316
vn -0.279021 -0.649605 0.707220
vn -0.506351 -0.493267 0.707316
vn -0.506351 -0.493267 0.707316
vn -0.506351 -0.493267 0.707316
vn -0.506351 -0.493267 0.707316
vn -0.656549 -0.261834 0.707380
vn -0.506351 -0.493267 0.707316
vn -0.656549 -0.261834 0.707380
vn -0.656549 -0.261834 0.707380
vn -0.656549 -0.261834 0.707380
vn -0.656549 -0.261834 0.707380
vn -0.706747 0.009460 0.707403
vn -0.656549 -0.261834 0.707380
vn -0.706747 0.009460 0.707403
vn -0.706747 0.009460 0.707403
vn -0.706747 0.009460 0.707403
vn -0.706747 0.009460 0.707403
vn -0.649305 0.279313 0.707380
vn -0.706747 0.009460 0.707403
vn -0.649305 0.279313 0.707380
vn -0.649305 0.279313 0.707380
vn -0.649897 0.279321 -0.706833
vn -0.649897 0.279321 -0.706833
vn -0.493559 0.506651 -0.706897
vn -0.649897 0.279321 -0.706833
vn -0.493559 0.506651 -0.706897
vn -0.493559 0.506651 -0.706897
vn -0.493559 0.506651 -0.706897
vn -0.493559 0.506651 -0.706897
vn -0.262126 0.656849 -0.706993
vn -0.493559 0.506651 -0.706897
vn -0.262126 0.656849 -0.706993
vn -0.262126 0.656849 -0.706993
vn -0.262126 0.656849 -0.706993
vn -0.262126 0.656849 -0.706993
vn 0.009168 0.707047 -0.707107
vn -0.262126 0.656849 -0.706993
vn 0.009168 0.707047 -0.707107
vn 0.009168 0.707047 -0.707107
vn 0.009168 0.707047 -0.707107
vn 0.009168 0.707047 -0.707107
vn 0.279021 0.649605 -0.707220
vn 0.009168 0.707047 -0.707107
vn 0.279021 0.649605 -0.707220
vn 0.279021 0.649605 -0.707220
vn 0.279021 0.649605 -0.707220
vn 0.279021 0.649605 -0.707220
vn 0.506351 0.493267 -0.707316
vn 0.279021 0.649605 -0.707220
vn 0.506351 0.493267 -0.707316
vn 0.506351 0.493267 -0.707316
vn 0.506351 0.493267 -0.707316
vn 0.506351 0.493267 -0.707316
vn 0.656549 0.261834 -0.707380
vn 0.506351 0.493267 -0.707316
vn 0.656549 0.261834 -0.707380
vn 0.656549 0.261834 -0.707380
vn 0.656549 0.261834 -0.707380
vn 0.656549 0.261834 -0.707380
vn 0.706747 -0.009460 -0.707403
vn 0.656549 0.261834 -0.707380
vn 0.706747 -0.009460 -0.707403
vn 0.706747 -0.009460 -0.707403
vn 0.706747 -0.009460 -0.707403
vn 0.706747 -0.009460 -0.707403
vn 0.649305 -0.279313 -0.707380
vn 0.706747 -0.009460 -0.707403
vn 0.649305 -0.279313 -0.707380
vn 0.649305 -0.279313 -0.707380
vn 0.649305 -0.279313 -0.707380
vn 0.649305 -0.279313 -0.707380
vn 0.492967 -0.506643 -0.707316
vn 0.649305 -0.279313 -0.707380
vn 0.492967 -0.506643 -0.707316
vn 0.492967 -0.506643 -0.707316
vn 0.492967 -0.506643 -0.707316
vn 0.492967 -0.506643 -0.707316
vn 0.261533 -0.656841 -0.707220
vn 0.492967 -0.506643 -0.707316
vn 0.261533 -0.656841 -0.707220
vn 0.261533 -0.656841 -0.707220
vn 0.261533 -0.656841 -0.707220
vn 0.261533 -0.656841 -0.707220
vn -0.009760 -0.707039 -0.707107
vn 0.261533 -0.656841 -0.707220
vn -0.009760 -0.707039 -0.707107
vn -0.009760 -0.707039 -0.707107
vn -0.009760 -0.707039 -0.707107
vn -0.009760 -0.707039 -0.707107
vn -0.279614 -0.649597 -0.706993
vn -0.009760 -0.707039 -0.707107
vn -0.279614 -0.649597 -0.706993
vn -0.279614 -0.649597 -0.706993
vn -0.279614 -0.649597 -0.706993
vn -0.279614 -0.649597 -0.706993
vn -0.506943 -0.493259 -0.706897
vn -0.279614 -0.649597 -0.706993
vn -0.506943 -0.493259 -0.706897
vn -0.506943 -0.493259 -0.706897
vn -0.506943 -0.493259 -0.706897
vn -0.506943 -0.493259 -0.706897
vn -0.657140 -0.261826 -0.706833
vn -0.506943 -0.493259 -0.706897
vn -0.657140 -0.261826 -0.706833
vn -0.657140 -0.261826 -0.706833
vn -0.657140 -0.261826 -0.706833
vn -0.657140 -0.261826 -0.706833
vn -0.707339 0.009468 -0.706810
vn -0.657140 -0.261826 -0.706833
vn -0.707339 0.009468 -0.706810
vn -0.707339 0.009468 -0.706810
vn -0.707339 0.009468 -0.706810
vn -0.707339 0.009468 -0.706810
vn -0.649897 0.279321 -0.706833
vn -0.707339 0.009468 -0.706810
vn -0.649897 0.279321 -0.706833
vn -0.649897 0.279321 -0.706833
vn -0.649305 0.279313 0.707380
vn -0.649305 0.279313 0.707380
vn -0.492967 0.506643 0.707316
vn -0.649305 0.279313 0.707380
vn -0.492967 0.506643 0.707316
vn -0.492967 0.506643 0.707316
vn -0.492967 0.506643 0.707316
vn -0.492967 0.506643 0.707316
vn -0.261533 0.656841 0.707220
vn -0.492967 0.506643 0.707316
vn -0.261533 0.656841 0.707220
vn -0.261533 0.656841 0.707220
vn -0.261533 0.656841 0.707220
vn -0.261533 0.656841 0.707220
vn 0.009760 0.707039 0.707107
vn -0.261533 0.656841 0.707220
vn 0.009760 0.707039 0.707107
vn 0.009760 0.707039 0.707107
vn 0.009760 0.707039 0.707107
vn 0.009760 0.707039 0.707107
vn 0.279614 0.649597 0.706994
vn 0.009760 0.707039 0.707107
vn 0.279614 0.649597 0.706994
vn 0.279614 0.649597 0.706994
vn 0.279614 0.649597 0.706994
vn 0.279614 0.649597 0.706994
vn 0.506943 0.493259 0.706897
vn 0.279614 0.649597 0.706994
vn 0.506943 0.493259 0.706897
vn 0.506943 0.493259 0.706897
vn 0.506943 0.493259 0.706897
vn 0.506943 0.493259 0.706897
vn 0.657141 0.261826 0.706833
vn 0.506943 0.493259 0.706897
vn 0.657141 0.261826 0.706833
vn 0.657141 0.261826 0.706833
vn 0.657141 0.261826 0.706833
vn 0.657141 0.261826 0.706833
vn 0.707339 -0.009468 0.706810
vn 0.657141 0.261826 0.706833
vn 0.707339 -0.009468 0.706810
vn 0.707339 -0.009468 0.706810
vn 0.707339 -0.009468 0.706810
vn 0.707339 -0.009468 0.706810
vn 0.649897 -0.279321 0.706833
vn 0.707339 -0.009468 0.706810
vn 0.649897 -0.279321 0.706833
vn 0.649897 -0.279321 0.706833
vn 0.649897 -0.279321 0.706833
vn 0.649897 -0.279321 0.706833
vn 0.493559 -0.506651 0.706897
vn 0.649897 -0.279321 0.706833
vn 0.493559 -0.506651 0.706897
vn 0.493559 -0.506651 0.706897
vn 0.493559 -0.506651 0.706897
vn 0.493559 -0.506651 0.706897
vn 0.262126 -0.656849 0.706993
vn 0.493559 -0.506651 0.706897
vn 0.262126 -0.656849 0.706993
vn 0.262126 -0.656849 0.706993
vn 0.262126 -0.656849 0.706993
vn 0.262126 -0.656849 0.706993
vn -0.009168 -0.707047 0.707107
vn 0.262126 -0.656849 0.706993
vn -0.009168 -0.707047 0.707107
vn -0.009168 -0.707047 0.707107
vn -0.009168 -0.707047 0.707107
vn -0.009168 -0.707047 0.707107
vn -0.279021 -0.649605 0.707220
vn -0.009168 -0.707047 0.707107
vn -0.279021 -0.649605 0.707220
vn -0.279021 -0.649605 0.707220
vn -0.279021 -0.649605 0.707220
vn -0.279021 -0.649605 0.707220
vn -0.506351 -0.493267 0.707316
vn -0.279021 -0.649605 0.707220
vn -0.506351 -0.493267 0.707316
vn -0.506351 -0.493267 0.707316
vn -0.506351 -0.493267 0.707316
vn -0.506351 -0.493267 0.707316
vn -0.656549 -0.261834 0.707380
vn -0.506351 -0.493267 0.707316
vn -0.656549 -0.261834 0.707380
vn -0.656549 -0.261834 0.707380
vn -0.656549 -0.261834 0.707380
vn -0.656549 -0.261834 0.707380
vn -0.706747 0.009460 0.707403
vn -0.656549 -0.261834 0.707380
vn -0.706747 0.009460 0.707403
vn -0.706747 0.009460 0.707403
vn -0.706747 0.009460 0.707403
vn -0.706747 0.009460 0.707403
vn -0.649305 0.279313 0.707380
vn -0.706747 0.009460 0.707403
vn -0.649305 0.279313 0.707380
vn -0.649305 0.279313 0.707380
vn -0.928919 -0.370283 0.000387
vn -0.928919 -0.370283 0.000387
vn -0.716507 -0.697579 0.000296
vn -0.928919 -0.370283 0.000387
vn -0.716507 -0.697579 0.000296
vn -0.716507 -0.697579 0.000296
vn -0.716507 -0.697579 0.000296
vn -0.716507 -0.697579 0.000296
vn -0.395014 -0.918675 0.000160
vn -0.716507 -0.697579 0.000296
vn -0.395014 -0.918675 0.000160
vn -0.395014 -0.918675 0.000160
vn -0.395014 -0.918675 0.000160
vn -0.395014 -0.918675 0.000160
vn -0.013385 -0.999910 -0.000000
vn -0.395014 -0.918675 0.000160
vn -0.013385 -0.999910 -0.000000
vn -0.013385 -0.999910 -0.000000
vn -0.013385 -0.999910 -0.000000
vn -0.013385 -0.999910 -0.000000
vn 0.370283 -0.928919 -0.000160
vn -0.013385 -0.999910 -0.000000
vn 0.370283 -0.928919 -0.000160
vn 0.370283 -0.928919 -0.000160
vn 0.370283 -0.928919 -0.000160
vn 0.370283 -0.928919 -0.000160
vn 0.697579 -0.716508 -0.000296
vn 0.370283 -0.928919 -0.000160
vn 0.697579 -0.716508 -0.000296
vn 0.697579 -0.716508 -0.000296
vn 0.697579 -0.716508 -0.000296
vn 0.697579 -0.716508 -0.000296
vn 0.918675 -0.395014 -0.000387
vn 0.697579 -0.716508 -0.000296
vn 0.918675 -0.395014 -0.000387
vn 0.918675 -0.395014 -0.000387
vn 0.918675 -0.395014 -0.000387
vn 0.918675 -0.395014 -0.000387
vn 0.999910 -0.013385 -0.000419
vn 0.918675 -0.395014 -0.000387
vn 0.999910 -0.013385 -0.000419
vn 0.999910 -0.013385 -0.000419
vn 0.999910 -0.013385 -0.000419
vn 0.999910 -0.013385 -0.000419
vn 0.928919 0.370283 -0.000387
vn 0.999910 -0.013385 -0.000419
vn 0.928919 0.370283 -0.000387
vn 0.928919 0.370283 -0.000387
vn 0.928919 0.370283 -0.000387
vn 0.928919 0.370283 -0.000387
vn 0.716507 0.697579 -0.000296
vn 0.928919 0.370283 -0.000387
vn 0.716507 0.697579 -0.000296
vn 0.716507 0.697579 -0.000296
vn 0.716507 0.697579 -0.000296
vn 0.716507 0.697579 -0.000296
vn 0.395014 0.918675 -0.000160
vn 0.716507 0.697579 -0.000296
vn 0.395014 0.918675 -0.000160
vn 0.395014 0.918675 -0.000160
vn 0.395014 0.918675 -0.000160
vn 0.395014 0.918675 -0.000160
vn 0.013385 0.999910 0.000000
vn 0.395014 0.918675 -0.000160
vn 0.013385 0.999910 0.000000
vn 0.013385 0.999910 0.000000
vn 0.013385 0.999910 0.000000
vn 0.013385 0.999910 0.000000
vn -0.370283 0.928919 0.000160
vn 0.013385 0.999910 0.000000
vn -0.370283 0.928919 0.000160
vn -0.370283 0.928919 0.000160
vn -0.370283 0.928919 0.000160
vn -0.370283 0.928919 0.000160
vn -0.697579 0.716508 0.000296
vn -0.370283 0.928919 0.000160
vn -0.697579 0.716508 0.000296
vn -0.697579 0.716508 0.000296
vn -0.697579 0.716508 0.000296
vn -0.697579 0.716508 0.000296
vn -0.918675 0.395014 0.000387
vn -0.697579 0.716508 0.000296
vn -0.918675 0.395014 0.000387
vn -0.918675 0.395014 0.000387
vn -0.918675 0.395014 0.000387
vn -0.918675 0.395014 0.000387
vn -0.999910 0.013385 0.000419
vn -0.918675 0.395014 0.000387
vn -0.999910 0.013385 0.000419
vn -0.999910 0.013385 0.000419
vn -0.999910 0.013385 0.000419
vn -0.999910 0.013385 0.000419
vn -0.928919 -0.370283 0.000387
vn -0.999910 0.013385 0.000419
vn -0.928919 -0.370283 0.000387
vn -0.928919 -0.370283 0.000387
vn -0.928919 -0.370283 0.000387
vn -0.928919 -0.370283 0.000387
vn -0.716507 -0.697579 0.000296
vn -0.928919 -0.370283 0.000387
vn -0.716507 -0.697579 0.000296
vn -0.716507 -0.697579 0.000296
vn -0.716507 -0.697579 0.000296
vn -0.716507 -0.697579 0.000296
vn -0.395014 -0.918675 0.000160
vn -0.716507 -0.697579 0.000296
vn -0.395014 -0.918675 0.000160
vn -0.395014 -0.918675 0.000160
vn -0.395014 -0.918675 0.000160
vn -0.395014 -0.918675 0.000160
vn -0.013385 -0.999910 -0.000000
vn -0.395014 -0.918675 0.000160
vn -0.013385 -0.999910 -0.000000
vn -0.013385 -0.999910 -0.000000
vn -0.013385 -0.999910 -0.000000
vn -0.013385 -0.999910 -0.000000
vn 0.370283 -0.928919 -0.000160
vn -0.013385 -0.999910 -0.000000
vn 0.370283 -0.928919 -0.000160
vn 0.370283 -0.928919 -0.000160
vn 0.370283 -0.928919 -0.000160
vn 0.370283 -0.928919 -0.000160
vn 0.697579 -0.716508 -0.000296
vn 0.370283 -0.928919 -0.000160
vn 0.697579 -0.716508 -0.000296
vn 0.697579 -0.716508 -0.000296
vn 0.697579 -0.716508 -0.000296
vn 0.697579 -0.716508 -0.000296
vn 0.918675 -0.395014 -0.000387
vn 0.697579 -0.716508 -0.000296
vn 0.918675 -0.395014 -0.000387
vn 0.918675 -0.395014 -0.000387
vn 0.918675 -0.395014 -0.000387
vn 0.918675 -0.395014 -0.000387
vn 0.999910 -0.013385 -0.000419
vn 0.918675 -0.395014 -0.000387
vn 0.999910 -0.013385 -0.000419
vn 0.999910 -0.013385 -0.000419
vn 0.999910 -0.013385 -0.000419
vn 0.999910 -0.013385 -0.000419
vn 0.928919 0.370283 -0.000387
vn 0.999910 -0.013385 -0.000419
vn 0.928919 0.370283 -0.000387
vn 0.928919 0.370283 -0.000387
vn 0.928919 0.370283 -0.000387
vn 0.928919 0.370283 -0.000387
vn 0.716507 0.697579 -0.000296
vn 0.928919 0.370283 -0.000387
vn 0.716507 0.697579 -0.000296
vn 0.716507 0.697579 -0.000296
vn 0.716507 0.697579 -0.000296
vn 0.716507 0.697579 -0.000296
vn 0.395014 0.918675 -0.000160
vn 0.716507 0.697579 -0.000296
vn 0.395014 0.918675 -0.000160
vn 0.395014 0.918675 -0.000160
vn 0.395014 0.918675 -0.000160
vn 0.395014 0.918675 -0.000160
vn 0.013385 0.999910 0.000000
vn 0.395014 0.918675 -0.000160
vn 0.013385 0.999910 0.000000
vn 0.013385 0.999910 0.000000
vn 0.013385 0.999910 0.000000
vn 0.013385 0.999910 0.000000
vn -0.370283 0.928919 0.000160
vn 0.013385 0.999910 0.000000
vn -0.370283 0.928919 0.000160
vn -0.370283 0.928919 0.000160
vn -0.370283 0.928919 0.000160
vn -0.370283 0.928919 0.000160
vn -0.697579 0.716508 0.000296
vn -0.370283 0.928919 0.000160
vn -0.697579 0.716508 0.000296
vn -0.697579 0.716508 0.000296
vn -0.697579 0.716508 0.000296
vn -0.697579 0.716508 0.000296
vn -0.918675 0.395014 0.000387
vn -0.697579 0.716508 0.000296
vn -0.918675 0.395014 0.000387
vn -0.918675 0.395014 0.000387
vn -0.918675 0.395014 0.000387
vn -0.918675 0.395014 0.000387
vn -0.999910 0.013385 0.000419
vn -0.918675 0.395014 0.000387
vn -0.999910 0.013385 0.000419
vn -0.999910 0.013385 0.000419
vn -0.999910 0.013385 0.000419
vn -0.999910 0.013385 0.000419
vn -0.928919 -0.370283 0.000387
vn -0.999910 0.013385 0.000419
vn -0.928919 -0.370283 0.000387
vn -0.928919 -0.370283 0.000387
vn -0.928919 -0.370283 0.000387
vn -0.928919 -0.370283 0.000387
vn -0.716507 -0.697579 0.000296
vn -0.928919 -0.370283 0.000387
vn -0.716507 -0.697579 0.000296
vn -0.716507 -0.697579 0.000296
vn -0.716507 -0.697579 0.000296
vn -0.716507 -0.697579 0.000296
vn -0.395014 -0.918675 0.000160
vn -0.716507 -0.697579 0.000296
vn -0.395014 -0.918675 0.000160
vn -0.395014 -0.918675 0.000160
vn -0.395014 -0.918675 0.000160
vn -0.395014 -0.918675 0.000160
vn -0.013385 -0.999910 -0.000000
vn -0.395014 -0.918675 0.000160
vn -0.013385 -0.999910 -0.000000
vn -0.013385 -0.999910 -0.000000
vn -0.013385 -0.999910 -0.000000
vn -0.013385 -0.999910 -0.000000
vn 0.370283 -0.928919 -0.000160
vn -0.013385 -0.999910 -0.000000
vn 0.370283 -0.928919 -0.000160
vn 0.370283 -0.928919 -0.000160
vn 0.370283 -0.928919 -0.000160
vn 0.370283 -0.928919 -0.000160
vn 0.697579 -0.716508 -0.000296
vn 0.370283 -0.928919 -0.000160
vn 0.697579 -0.716508 -0.000296
vn 0.697579 -0.716508 -0.000296
vn 0.697579 -0.716508 -0.000296
vn 0.697579 -0.716508 -0.000296
vn 0.918675 -0.395014 -0.000387
vn 0.697579 -0.716508 -0.000296
vn 0.918675 -0.395014 -0.000387
vn 0.918675 -0.395014 -0.000387
vn 0.918675 -0.395014 -0.000387
vn 0.918675 -0.395014 -0.000387
vn 0.999910 -0.013385 -0.000419
vn 0.918675 -0.395014 -0.000387
vn 0.999910 -0.013385 -0.000419
vn 0.999910 -0.013385 -0.000419
vn 0.999910 -0.013385 -0.000419
vn 0.999910 -0.013385 -0.000419
vn 0.928919 0.370283 -0.000387
vn 0.999910 -0.013385 -0.000419
vn 0.928919 0.370283 -0.000387
vn 0.928919 0.370283 -0.000387
vn 0.928919 0.370283 -0.000387
vn 0.928919 0.370283 -0.000387
vn 0.716507 0.697579 -0.000296
vn 0.928919 0.370283 -0.000387
vn 0.716507 0.697579 -0.000296
vn 0.716507 0.697579 -0.000296
vn 0.716507 0.697579 -0.000296
vn 0.716507 0.697579 -0.000296
vn 0.395014 0.918675 -0.000160
vn 0.716507 0.697579 -0.000296
vn 0.395014 0.918675 -0.000160
vn 0.395014 0.918675 -0.000160
vn 0.395014 0.918675 -0.000160
vn 0.395014 0.918675 -0.000160
vn 0.013385 0.999910 0.000000
vn 0.395014 0.918675 -0.000160
vn 0.013385 0.999910 0.000000
vn 0.013385 0.999910 0.000000
vn 0.013385 0.999910 0.000000
vn 0.013385 0.999910 0.000000
vn -0.370283 0.928919 0.000160
vn 0.013385 0.999910 0.000000
vn -0.370283 0.928919 0.000160
vn -0.370283 0.928919 0.000160
vn -0.370283 0.928919 0.000160
vn -0.370283 0.928919 0.000160
vn -0.697579 0.716508 0.000296
vn -0.370283 0.928919 0.000160
vn -0.697579 0.716508 0.000296
vn -0.697579 0.716508 0.000296
vn -0.697579 0.716508 0.000296
vn -0.697579 0.716508 0.000296
vn -0.918675 0.395014 0.000387
vn -0.697579 0.716508 0.000296
vn -0.918675 0.395014 0.000387
vn -0.918675 0.395014 0.000387
vn -0.918675 0.395014 0.000387
vn -0.918675 0.395014 0.000387
vn -0.999910 0.013385 0.000419
vn -0.918675 0.395014 0.000387
vn -0.999910 0.013385 0.000419
vn -0.999910 0.013385 0.000419
vn -0.999910 0.013385 0.000419
vn -0.999910 0.013385 0.000419
vn -0.928919 -0.370283 0.000387
vn -0.999910 0.013385 0.000419
vn -0.928919 -0.370283 0.000387
vn -0.928919 -0.370283 0.000387
vn 0.000419 -0.000006 1.000000
vn 0.000419 -0.000006 1.000000
vn 0.000419 -0.000006 1.000000
vn 0.000419 -0.000006 1.000000
vn 0.000419 -0.000006 1.000000
vn 0.000419 -0.000006 1.000000
vn 0.000419 -0.000006 1.000000
vn 0.000419 -0.000006 1.000000
vn 0.000419 -0.000006 1.000000
vn 0.000419 -0.000006 1.000000
vn 0.000419 -0.000006 1.000000
vn 0.000419 -0.000006 1.000000
vn 0.000419 -0.000006 1.000000
vn 0.000419 -0.000006 1.000000
vn 0.000419 -0.000006 1.000000
vn 0.000419 -0.000006 1.000000
vn 0.000419 -0.000006 1.000000
vn 0.000419 -0.000006 1.000000
vn 0.000419 -0.000006 1.000000
vn 0.000419 -0.000006 1.000000
vn 0.000419 -0.000006 1.000000
vn 0.000419 -0.000006 1.000000
vn 0.000419 -0.000006 1.000000
vn 0.000419 -0.000006 1.000000
vn 0.000419 -0.000006 1.000000
vn 0.000419 -0.000006 1.000000
vn 0.000419 -0.000006 1.000000
vn 0.000419 -0.000006 1.000000
vn 0.000419 -0.000006 1.000000
vn 0.000419 -0.000006 1.000000
vn 0.000419 -0.000006 1.000000
vn 0.000419 -0.000006 1.000000
vn 0.000419 -0.000006 1.000000
vn 0.000419 -0.000006 1.000000
vn 0.000419 -0.000006 1.000000
vn 0.000419 -0.000006 1.000000
vn 0.000419 -0.000006 1.000000
vn 0.000419 -0.000006 1.000000
vn 0.000419 -0.000006 1.000000
vn 0.000419 -0.000006 1.000000
vn 0.000419 -0.000006 1.000000
vn 0.000419 -0.000006 1.000000
vt 0.625213 0.813062
vt 0.639513 0.741174
vt 0.680234 0.680231
vt 0.625213 0.813062
vt 0.680234 0.680231
vt 0.741177 0.639510
vt 0.625213 0.813062
vt 0.741177 0.639510
vt 0.813065 0.625210
vt 0.625213 0.813062
vt 0.813065 0.625210
vt 0.884952 0.639510
vt 0.625213 0.813062
vt 0.884952 0.639510
vt 0.945896 0.680231
vt 0.625213 0.813062
vt 0.945896 0.680231
vt 0.986617 0.741174
vt 0.625213 0.813062
vt 0.986617 0.741174
vt 1.000916 0.813062
vt 0.625213 0.813062
vt 1.000916 0.813062
vt 0.986617 0.884950
vt 0.625213 0.813062
vt 0.986617 0.884950
vt 0.945896 0.945893
vt 0.625213 0.813062
vt 0.945896 0.945893
vt 0.884952 0.986614
vt 0.625213 0.813062
vt 0.884952 0.986614
vt 0.813065 1.000913
vt 0.625213 0.813062
vt 0.813065 1.000913
vt 0.741177 0.986614
vt 0.625213 0.813062
vt 0.741177 0.986614
vt 0.680234 0.945893
vt 0.625213 0.813062
vt 0.680234 0.945893
vt 0.639513 0.884950
vt 0.445359 0.460502
vt 0.445375 0.467368
vt 0.384616 0.467549
vt 0.445359 0.460502
vt 0.384616 0.467549
vt 0.384586 0.460690
vt 0.384586 0.460690
vt 0.384616 0.467549
vt 0.323798 0.467820
vt 0.384586 0.460690
vt 0.323798 0.467820
vt 0.323759 0.460971
vt 0.323759 0.460971
vt 0.323798 0.467820
vt 0.262902 0.468140
vt 0.323759 0.460971
vt 0.262902 0.468140
vt 0.262860 0.461302
vt 0.262860 0.461302
vt 0.262902 0.468140
vt 0.201922 0.468459
vt 0.262860 0.461302
vt 0.201922 0.468459
vt 0.201883 0.461633
vt 0.201883 0.461633
vt 0.201922 0.468459
vt 0.140863 0.468730
vt 0.201883 0.461633
vt 0.140863 0.468730
vt 0.140832 0.461913
vt 0.140832 0.461913
vt 0.140863 0.468730
vt 0.079743 0.468911
vt 0.140832 0.461913
vt 0.079743 0.468911
vt 0.079726 0.462101
vt 0.079726 0.462101
vt 0.079743 0.468911
vt 0.018589 0.468975
vt 0.079726 0.462101
vt 0.018589 0.468975
vt 0.018589 0.462167
vt 0.993616 0.462167
vt 0.993616 0.468975
vt 0.932463 0.468911
vt 0.993616 0.462167
vt 0.932463 0.468911
vt 0.932479 0.462101
vt 0.932479 0.462101
vt 0.932463 0.468911
vt 0.871343 0.468730
vt 0.932479 0.462101
vt 0.871343 0.468730
vt 0.871373 0.461913
vt 0.871373 0.461913
vt 0.871343 0.468730
vt 0.810283 0.468459
vt 0.871373 0.461913
vt 0.810283 0.468459
vt 0.810323 0.461633
vt 0.810323 0.461633
vt 0.810283 0.468459
vt 0.749303 0.468140
vt 0.810323 0.461633
vt 0.749303 0.468140
vt 0.749346 0.461302
vt 0.749346 0.461302
vt 0.749303 0.468140
vt 0.688408 0.467820
vt 0.749346 0.461302
vt 0.688408 0.467820
vt 0.688447 0.460971
vt 0.688447 0.460971
vt 0.688408 0.467820
vt 0.627589 0.467549
vt 0.688447 0.460971
vt 0.627589 0.467549
vt 0.627619 0.460690
vt 0.627619 0.460690
vt 0.627589 0.467549
vt 0.566830 0.467368
vt 0.627619 0.460690
vt 0.566830 0.467368
vt 0.566846 0.460502
vt 0.566846 0.460502
vt 0.566830 0.467368
vt 0.506103 0.467304
vt 0.566846 0.460502
vt 0.506103 0.467304
vt 0.506103 0.460436
vt 0.506103 0.460436
vt 0.506103 0.467304
vt 0.445375 0.467368
vt 0.506103 0.460436
vt 0.445375 0.467368
vt 0.445359 0.460502
vt 0.445357 0.453692
vt 0.445359 0.460502
vt 0.384586 0.460690
vt 0.445357 0.453692
vt 0.384586 0.460690
vt 0.384582 0.453873
vt 0.384582 0.453873
vt 0.384586 0.460690
vt 0.323759 0.460971
vt 0.384582 0.453873
vt 0.323759 0.460971
vt 0.323753 0.454144
vt 0.323753 0.454144
vt 0.323759 0.460971
vt 0.262860 0.461302
vt 0.323753 0.454144
vt 0.262860 0.461302
vt 0.262854 0.454464
vt 0.262854 0.454464
vt 0.262860 0.461302
vt 0.201883 0.461633
vt 0.262854 0.454464
vt 0.201883 0.461633
vt 0.201877 0.454783
vt 0.201877 0.454783
vt 0.201883 0.461633
vt 0.140832 0.461913
vt 0.201877 0.454783
vt 0.140832 0.461913
vt 0.140828 0.455054
vt 0.140828 0.455054
vt 0.140832 0.461913
vt 0.079726 0.462101
vt 0.140828 0.455054
vt 0.079726 0.462101
vt 0.079724 0.455235
vt 0.079724 0.455235
vt 0.079726 0.462101
vt 0.018589 0.462167
vt 0.079724 0.455235
vt 0.018589 0.462167
vt 0.018589 0.455299
vt 0.993616 0.455299
vt 0.993616 0.462167
vt 0.932479 0.462101
vt 0.993616 0.455299
vt 0.932479 0.462101
vt 0.932481 0.455235
vt 0.932481 0.455235
vt 0.932479 0.462101
vt 0.871373 0.461913
vt 0.932481 0.455235
vt 0.871373 0.461913
vt 0.871377 0.455054
vt 0.871377 0.455054
vt 0.871373 0.461913
vt 0.810323 0.461633
vt 0.871377 0.455054
vt 0.810323 0.461633
vt 0.810328 0.454783
vt 0.810328 0.454783
vt 0.810323 0.461633
vt 0.749346 0.461302
vt 0.810328 0.454783
vt 0.749346 0.461302
vt 0.749352 0.454464
vt 0.749352 0.454464
vt 0.749346 0.461302
vt 0.688447 0.460971
vt 0.749352 0.454464
vt 0.688447 0.460971
vt 0.688452 0.454144
vt 0.688452 0.454144
vt 0.688447 0.460971
vt 0.627619 0.460690
vt 0.688452 0.454144
vt 0.627619 0.460690
vt 0.627624 0.453873
vt 0.627624 0.453873
vt 0.627619 0.460690
vt 0.566846 0.460502
vt 0.627624 0.453873
vt 0.566846 0.460502
vt 0.566849 0.453692
vt 0.566849 0.453692
vt 0.566846 0.460502
vt 0.506103 0.460436
vt 0.566849 0.453692
vt 0.506103 0.460436
vt 0.506103 0.453628
vt 0.506103 0.453628
vt 0.506103 0.460436
vt 0.445359 0.460502
vt 0.506103 0.453628
vt 0.445359 0.460502
vt 0.445357 0.453692
vt 0.444966 0.159632
vt 0.444968 0.166498
vt 0.383864 0.166679
vt 0.444966 0.159632
vt 0.383864 0.166679
vt 0.383860 0.159820
vt 0.383860 0.159820
vt 0.383864 0.166679
vt 0.322815 0.166950
vt 0.383860 0.159820
vt 0.322815 0.166950
vt 0.322809 0.160100
vt 0.322809 0.160100
vt 0.322815 0.166950
vt 0.261838 0.167270
vt 0.322809 0.160100
vt 0.261838 0.167270
vt 0.261832 0.160432
vt 0.261832 0.160432
vt 0.261838 0.167270
vt 0.200939 0.167589
vt 0.261832 0.160432
vt 0.200939 0.167589
vt 0.200933 0.160763
vt 0.200933 0.160763
vt 0.200939 0.167589
vt 0.140110 0.167860
vt 0.200933 0.160763
vt 0.140110 0.167860
vt 0.140106 0.161043
vt 0.140106 0.161043
vt 0.140110 0.167860
vt 0.079335 0.168041
vt 0.140106 0.161043
vt 0.079335 0.168041
vt 0.079333 0.161231
vt 0.079333 0.161231
vt 0.079335 0.168041
vt 0.018589 0.168105
vt 0.079333 0.161231
vt 0.018589 0.168105
vt 0.018589 0.161297
vt 0.993616 0.161297
vt 0.993616 0.168105
vt 0.932870 0.168041
vt 0.993616 0.161297
vt 0.932870 0.168041
vt 0.932872 0.161231
vt 0.932872 0.161231
vt 0.932870 0.168041
vt 0.872095 0.167860
vt 0.932872 0.161231
vt 0.872095 0.167860
vt 0.872099 0.161043
vt 0.872099 0.161043
vt 0.872095 0.167860
vt 0.811267 0.167589
vt 0.872099 0.161043
vt 0.811267 0.167589
vt 0.811272 0.160763
vt 0.811272 0.160763
vt 0.811267 0.167589
vt 0.750367 0.167270
vt 0.811272 0.160763
vt 0.750367 0.167270
vt 0.750373 0.160432
vt 0.750373 0.160432
vt 0.750367 0.167270
vt 0.689390 0.166950
vt 0.750373 0.160432
vt 0.689390 0.166950
vt 0.689396 0.160100
vt 0.689396 0.160100
vt 0.689390 0.166950
vt 0.628342 0.166679
vt 0.689396 0.160100
vt 0.628342 0.166679
vt 0.628346 0.159820
vt 0.628346 0.159820
vt 0.628342 0.166679
vt 0.567237 0.166498
vt 0.628346 0.159820
vt 0.567237 0.166498
vt 0.567240 0.159632
vt 0.567240 0.159632
vt 0.567237 0.166498
vt 0.506103 0.166434
vt 0.567240 0.159632
vt 0.506103 0.166434
vt 0.506103 0.159566
vt 0.506103 0.159566
vt 0.506103 0.166434
vt 0.444968 0.166498
vt 0.506103 0.159566
vt 0.444968 0.166498
vt 0.444966 0.159632
vt 0.444949 0.152822
vt 0.444966 0.159632
vt 0.383860 0.159820
vt 0.444949 0.152822
vt 0.383860 0.159820
vt 0.383829 0.153003
vt 0.383829 0.153003
vt 0.383860 0.159820
vt 0.322809 0.160100
vt 0.383829 0.153003
vt 0.322809 0.160100
vt 0.322770 0.153274
vt 0.322770 0.153274
vt 0.322809 0.160100
vt 0.261832 0.160432
vt 0.322770 0.153274
vt 0.261832 0.160432
vt 0.261790 0.153593
vt 0.261790 0.153593
vt 0.261832 0.160432
vt 0.200933 0.160763
vt 0.261790 0.153593
vt 0.200933 0.160763
vt 0.200894 0.153913
vt 0.200894 0.153913
vt 0.200933 0.160763
vt 0.140106 0.161043
vt 0.200894 0.153913
vt 0.140106 0.161043
vt 0.140076 0.154184
vt 0.140076 0.154184
vt 0.140106 0.161043
vt 0.079333 0.161231
vt 0.140076 0.154184
vt 0.079333 0.161231
vt 0.079317 0.154365
vt 0.079317 0.154365
vt 0.079333 0.161231
vt 0.018589 0.161297
vt 0.079317 0.154365
vt 0.018589 0.161297
vt 0.018589 0.154429
vt 0.993616 0.154429
vt 0.993616 0.161297
vt 0.932872 0.161231
vt 0.993616 0.154429
vt 0.932872 0.161231
vt 0.932888 0.154365
vt 0.932888 0.154365
vt 0.932872 0.161231
vt 0.872099 0.161043
vt 0.932888 0.154365
vt 0.872099 0.161043
vt 0.872129 0.154184
vt 0.872129 0.154184
vt 0.872099 0.161043
vt 0.811272 0.160763
vt 0.872129 0.154184
vt 0.811272 0.160763
vt 0.811311 0.153913
vt 0.811311 0.153913
vt 0.811272 0.160763
vt 0.750373 0.160432
vt 0.811311 0.153913
vt 0.750373 0.160432
vt 0.750415 0.153593
vt 0.750415 0.153593
vt 0.750373 0.160432
vt 0.689396 0.160100
vt 0.750415 0.153593
vt 0.689396 0.160100
vt 0.689435 0.153274
vt 0.689435 0.153274
vt 0.689396 0.160100
vt 0.628346 0.159820
vt 0.689435 0.153274
vt 0.628346 0.159820
vt 0.628376 0.153003
vt 0.628376 0.153003
vt 0.628346 0.159820
vt 0.567240 0.159632
vt 0.628376 0.153003
vt 0.567240 0.159632
vt 0.567256 0.152822
vt 0.567256 0.152822
vt 0.567240 0.159632
vt 0.506103 0.159566
vt 0.567256 0.152822
vt 0.506103 0.159566
vt 0.506103 0.152758
vt 0.506103 0.152758
vt 0.506103 0.159566
vt 0.444966 0.159632
vt 0.506103 0.152758
vt 0.444966 0.159632
vt 0.444949 0.152822
vt 0.567256 0.152822
vt 0.567462 0.002387
vt 0.628755 0.002568
vt 0.567256 0.152822
vt 0.628755 0.002568
vt 0.628376 0.153003
vt 0.628376 0.153003
vt 0.628755 0.002568
vt 0.689929 0.002839
vt 0.628376 0.153003
vt 0.689929 0.002839
vt 0.689435 0.153274
vt 0.689435 0.153274
vt 0.689929 0.002839
vt 0.750948 0.003159
vt 0.689435 0.153274
vt 0.750948 0.003159
vt 0.750415 0.153593
vt 0.750415 0.153593
vt 0.750948 0.003159
vt 0.811801 0.003478
vt 0.750415 0.153593
vt 0.811801 0.003478
vt 0.811311 0.153913
vt 0.811311 0.153913
vt 0.811801 0.003478
vt 0.872503 0.003749
vt 0.811311 0.153913
vt 0.872503 0.003749
vt 0.872129 0.154184
vt 0.872129 0.154184
vt 0.872503 0.003749
vt 0.933090 0.003930
vt 0.872129 0.154184
vt 0.933090 0.003930
vt 0.932888 0.154365
vt 0.932888 0.154365
vt 0.933090 0.003930
vt 0.993616 0.003994
vt 0.932888 0.154365
vt 0.993616 0.003994
vt 0.993616 0.154429
vt 0.018589 0.154429
vt 0.018589 0.003994
vt 0.079115 0.003930
vt 0.018589 0.154429
vt 0.079115 0.003930
vt 0.079317 0.154365
vt 0.079317 0.154365
vt 0.079115 0.003930
vt 0.139703 0.003749
vt 0.079317 0.154365
vt 0.139703 0.003749
vt 0.140076 0.154184
vt 0.140076 0.154184
vt 0.139703 0.003749
vt 0.200405 0.003478
vt 0.140076 0.154184
vt 0.200405 0.003478
vt 0.200894 0.153913
vt 0.200894 0.153913
vt 0.200405 0.003478
vt 0.261258 0.003159
vt 0.200894 0.153913
vt 0.261258 0.003159
vt 0.261790 0.153593
vt 0.261790 0.153593
vt 0.261258 0.003159
vt 0.322277 0.002839
vt 0.261790 0.153593
vt 0.322277 0.002839
vt 0.322770 0.153274
vt 0.322770 0.153274
vt 0.322277 0.002839
vt 0.383450 0.002568
vt 0.322770 0.153274
vt 0.383450 0.002568
vt 0.383829 0.153003
vt 0.383829 0.153003
vt 0.383450 0.002568
vt 0.444744 0.002387
vt 0.383829 0.153003
vt 0.444744 0.002387
vt 0.444949 0.152822
vt 0.444949 0.152822
vt 0.444744 0.002387
vt 0.506103 0.002323
vt 0.444949 0.152822
vt 0.506103 0.002323
vt 0.506103 0.152758
vt 0.506103 0.152758
vt 0.506103 0.002323
vt 0.567462 0.002387
vt 0.506103 0.152758
vt 0.567462 0.002387
vt 0.567256 0.152822
vt 0.566849 0.453692
vt 0.567237 0.166498
vt 0.628342 0.166679
vt 0.566849 0.453692
vt 0.628342 0.166679
vt 0.627624 0.453873
vt 0.627624 0.453873
vt 0.628342 0.166679
vt 0.689390 0.166950
vt 0.627624 0.453873
vt 0.689390 0.166950
vt 0.688452 0.454144
vt 0.688452 0.454144
vt 0.689390 0.166950
vt 0.750367 0.167270
vt 0.688452 0.454144
vt 0.750367 0.167270
vt 0.749352 0.454464
vt 0.749352 0.454464
vt 0.750367 0.167270
vt 0.811267 0.167589
vt 0.749352 0.454464
vt 0.811267 0.167589
vt 0.810328 0.454783
vt 0.810328 0.454783
vt 0.811267 0.167589
vt 0.872095 0.167860
vt 0.810328 0.454783
vt 0.872095 0.167860
vt 0.871377 0.455054
vt 0.871377 0.455054
vt 0.872095 0.167860
vt 0.932870 0.168041
vt 0.871377 0.455054
vt 0.932870 0.168041
vt 0.932481 0.455235
vt 0.932481 0.455235
vt 0.932870 0.168041
vt 0.993616 0.168105
vt 0.932481 0.455235
vt 0.993616 0.168105
vt 0.993616 0.455299
vt 0.018589 0.455299
vt 0.018589 0.168105
vt 0.079335 0.168041
vt 0.018589 0.455299
vt 0.079335 0.168041
vt 0.079724 0.455235
vt 0.079724 0.455235
vt 0.079335 0.168041
vt 0.140110 0.167860
vt 0.079724 0.455235
vt 0.140110 0.167860
vt 0.140828 0.455054
vt 0.140828 0.455054
vt 0.140110 0.167860
vt 0.200939 0.167589
vt 0.140828 0.455054
vt 0.200939 0.167589
vt 0.201877 0.454783
vt 0.201877 0.454783
vt 0.200939 0.167589
vt 0.261838 0.167270
vt 0.201877 0.454783
vt 0.261838 0.167270
vt 0.262854 0.454464
vt 0.262854 0.454464
vt 0.261838 0.167270
vt 0.322815 0.166950
vt 0.262854 0.454464
vt 0.322815 0.166950
vt 0.323753 0.454144
vt 0.323753 0.454144
vt 0.322815 0.166950
vt 0.383864 0.166679
vt 0.323753 0.454144
vt 0.383864 0.166679
vt 0.384582 0.453873
vt 0.384582 0.453873
vt 0.383864 0.166679
vt 0.444968 0.166498
vt 0.384582 0.453873
vt 0.444968 0.166498
vt 0.445357 0.453692
vt 0.445357 0.453692
vt 0.444968 0.166498
vt 0.506103 0.166434
vt 0.445357 0.453692
vt 0.506103 0.166434
vt 0.506103 0.453628
vt 0.506103 0.453628
vt 0.506103 0.166434
vt 0.567237 0.166498
vt 0.506103 0.453628
vt 0.567237 0.166498
vt 0.566849 0.453692
vt 0.566629 0.617803
vt 0.566830 0.467368
vt 0.627589 0.467549
vt 0.566629 0.617803
vt 0.627589 0.467549
vt 0.627216 0.617984
vt 0.627216 0.617984
vt 0.627589 0.467549
vt 0.688408 0.467820
vt 0.627216 0.617984
vt 0.688408 0.467820
vt 0.687918 0.618255
vt 0.687918 0.618255
vt 0.688408 0.467820
vt 0.749303 0.468140
vt 0.687918 0.618255
vt 0.749303 0.468140
vt 0.748771 0.618575
vt 0.748771 0.618575
vt 0.749303 0.468140
vt 0.810283 0.468459
vt 0.748771 0.618575
vt 0.810283 0.468459
vt 0.809790 0.618894
vt 0.809790 0.618894
vt 0.810283 0.468459
vt 0.871343 0.468730
vt 0.809790 0.618894
vt 0.871343 0.468730
vt 0.870964 0.619165
vt 0.870964 0.619165
vt 0.871343 0.468730
vt 0.932463 0.468911
vt 0.870964 0.619165
vt 0.932463 0.468911
vt 0.932257 0.619346
vt 0.932257 0.619346
vt 0.932463 0.468911
vt 0.993616 0.468975
vt 0.932257 0.619346
vt 0.993616 0.468975
vt 0.993616 0.619410
vt 0.018589 0.619410
vt 0.018589 0.468975
vt 0.079743 0.468911
vt 0.018589 0.619410
vt 0.079743 0.468911
vt 0.079948 0.619346
vt 0.079948 0.619346
vt 0.079743 0.468911
vt 0.140863 0.468730
vt 0.079948 0.619346
vt 0.140863 0.468730
vt 0.141242 0.619165
vt 0.141242 0.619165
vt 0.140863 0.468730
vt 0.201922 0.468459
vt 0.141242 0.619165
vt 0.201922 0.468459
vt 0.202415 0.618894
vt 0.202415 0.618894
vt 0.201922 0.468459
vt 0.262902 0.468140
vt 0.202415 0.618894
vt 0.262902 0.468140
vt 0.263434 0.618575
vt 0.263434 0.618575
vt 0.262902 0.468140
vt 0.323798 0.467820
vt 0.263434 0.618575
vt 0.323798 0.467820
vt 0.324287 0.618255
vt 0.324287 0.618255
vt 0.323798 0.467820
vt 0.384616 0.467549
vt 0.324287 0.618255
vt 0.384616 0.467549
vt 0.384989 0.617984
vt 0.384989 0.617984
vt 0.384616 0.467549
vt 0.445375 0.467368
vt 0.384989 0.617984
vt 0.445375 0.467368
vt 0.445577 0.617803
vt 0.445577 0.617803
vt 0.445375 0.467368
vt 0.506103 0.467304
vt 0.445577 0.617803
vt 0.506103 0.467304
vt 0.506103 0.617739
vt 0.506103 0.617739
vt 0.506103 0.467304
vt 0.566830 0.467368
vt 0.506103 0.617739
vt 0.566830 0.467368
vt 0.566629 0.617803
vt 0.265527 0.883553
vt 0.251375 0.812409
vt 0.265527 0.741264
vt 0.265527 0.883553
vt 0.265527 0.741264
vt 0.305827 0.680951
vt 0.265527 0.883553
vt 0.305827 0.680951
vt 0.366140 0.640651
vt 0.265527 0.883553
vt 0.366140 0.640651
vt 0.437285 0.626499
vt 0.265527 0.883553
vt 0.437285 0.626499
vt 0.508429 0.640651
vt 0.265527 0.883553
vt 0.508429 0.640651
vt 0.568742 0.680951
vt 0.265527 0.883553
vt 0.568742 0.680951
vt 0.609042 0.741264
vt 0.265527 0.883553
vt 0.609042 0.741264
vt 0.623194 0.812409
vt 0.265527 0.883553
vt 0.623194 0.812409
vt 0.609042 0.883553
vt 0.265527 0.883553
vt 0.609042 0.883553
vt 0.568742 0.943866
vt 0.265527 0.883553
vt 0.568742 0.943866
vt 0.508429 0.984166
vt 0.265527 0.883553
vt 0.508429 0.984166
vt 0.437285 0.998318
vt 0.265527 0.883553
vt 0.437285 0.998318
vt 0.366140 0.984166
vt 0.265527 0.883553
vt 0.366140 0.984166
vt 0.305827 0.943866
f 1/1/1 3/3/3 2/2/2
f 4/4/4 6/6/6 5/5/5
f 7/7/7 9/9/9 8/8/8
f 10/10/10 12/12/12 11/11/11
f 13/13/13 15/15/15 14/14/14
f 16/16/16 18/18/18 17/17/17
f 19/19/19 21/21/21 20/20/20
f 22/22/22 24/24/24 23/23/23
f 25/25/25 27/27/27 26/26/26
f 28/28/28 30/30/30 29/29/29
f 31/31/31 33/33/33 32/32/32
f 34/34/34 36/36/36 35/35/35
f 37/37/37 39/39/39 38/38/38
f 40/40/40 42/42/42 41/41/41
f 43/43/43 45/45/45 44/44/44
f 46/46/46 48/48/48 47/47/47
f 49/49/49 51/51/51 50/50/50
f 52/52/52 54/54/54 53/53/53
f 55/55/55 57/57/57 56/56/56
f 58/58/58 60/60/60 59/59/59
f 61/61/61 63/63/63 62/62/62
f 64/64/64 66/66/66 65/65/65
f 67/67/67 69/69/69 68/68/68
f 70/70/70 72/72/72 71/71/71
f 73/73/73 75/75/75 74/74/74
f 76/76/76 78/78/78 77/77/77
f 79/79/79 81/81/81 80/80/80
f 82/82/82 84/84/84 83/83/83
f 85/85/85 87/87/87 86/86/86
f 88/88/88 90/90/90 89/89/89
f 91/91/91 93/93/93 92/92/92
f 94/94/94 96/96/96 95/95/95
f 97/97/97 99/99/99 98/98/98
f 100/100/100 102/102/102 101/101/101
f 103/103/103 105/105/105 104/104/104
f 106/106/106 108/108/108 107/107/107
f 109/109/109 111/111/111 110/110/110
f 112/112/112 114/114/114 113/113/113
f 115/115/115 117/117/117 116/116/116
f 118/118/118 120/120/120 119/119/119
f 121/121/121 123/123/123 122/122/122
f 124/124/124 126/126/126 125/125/125
f 127/127/127 129/129/129 128/128/128
f 130/130/130 132/132/132 131/131/131
f 133/133/133 135/135/135 134/134/134
f 136/136/136 138/138/138 137/137/137
f 139/139/139 141/141/141 140/140/140
f 142/142/142 144/144/144 143/143/143
f 145/145/145 147/147/147 146/146/146
f 148/148/148 150/150/150 149/149/149
f 151/151/151 153/153/153 152/152/152
f 154/154/154 156/156/156 155/155/155
f 157/157/157 159/159/159 158/158/158
f 160/160/160 162/162/162 161/161/161
f 163/163/163 165/165/165 164/164/164
f 166/166/166 168/168/168 167/167/167
f 169/169/169 171/171/171 170/170/170
f 172/172/172 174/174/174 173/173/173
f 175/175/175 177/177/177 176/176/176
f 178/178/178 180/180/180 179/179/179
f 181/181/181 183/183/183 182/182/182
f 184/184/184 186/186/186 185/185/185
f 187/187/187 189/189/189 188/188/188
f 190/190/190 192/192/192 191/191/191
f 193/193/193 195/195/195 194/194/194
f 196/196/196 198/198/198 197/197/197
f 199/199/199 201/201/201 200/200/200
f 202/202/202 204/204/204 203/203/203
f 205/205/205 207/207/207 206/206/206
f 208/208/208 210/210/210 209/209/209
f 211/211/211 213/213/213 212/212/212
f 214/214/214 216/216/216 215/215/215
f 217/217/217 219/219/219 218/218/218
f 220/220/220 222/222/222 221/221/221
f 223/223/223 225/225/225 224/224/224
f 226/226/226 228/228/228 227/227/227
f 229/229/229 231/231/231 230/230/230
f 232/232/232 234/234/234 233/233/233
f 235/235/235 237/237/237 236/236/236
f 238/238/238 240/240/240 239/239/239
f 241/241/241 243/243/243 242/242/242
f 244/244/244 246/246/246 245/245/245
f 247/247/247 249/249/249 248/248/248
f 250/250/250 252/252/252 251/251/251
f 253/253/253 255/255/255 254/254/254
f 256/256/256 258/258/258 257/257/257
f 259/259/259 261/261/261 260/260/260
f 262/262/262 264/264/264 263/263/263
f 265/265/265 267/267/267 266/266/266
f 268/268/268 270/270/270 269/269/269
f 271/271/271 273/273/273 272/272/272
f 274/274/274 276/276/276 275/275/275
f 277/277/277 279/279/279 278/278/278
f 280/280/280 282/282/282 281/281/281
f 283/283/283 285/285/285 284/284/284
f 286/286/286 288/288/288 287/287/287
f 289/289/289 291/291/291 290/290/290
f 292/292/292 294/294/294 293/293/293
f 295/295/295 297/297/297 296/296/296
f 298/298/298 300/300/300 299/299/299
f 301/301/301 303/303/303 302/302/302
f 304/304/304 306/306/306 305/305/305
f 307/307/307 309/309/309 308/308/308
f 310/310/310 312/312/312 311/311/311
f 313/313/313 315/315/315 314/314/314
f 316/316/316 318/318/318 317/317/317
f 319/319/319 321/321/321 320/320/320
f 322/322/322 324/324/324 323/323/323
f 325/325/325 327/327/327 326/326/326
f 328/328/328 330/330/330 329/329/329
f 331/331/331 333/333/333 332/332/332
f 334/334/334 336/336/336 335/335/335
f 337/337/337 339/339/339 338/338/338
f 340/340/340 342/342/342 341/341/341
f 343/343/343 345/345/345 344/344/344
f 346/346/346 348/348/348 347/347/347
f 349/349/349 351/351/351 350/350/350
f 352/352/352 354/354/354 353/353/353
f 355/355/355 357/357/357 356/356/356
f 358/358/358 360/360/360 359/359/359
f 361/361/361 363/363/363 362/362/362
f 364/364/364 366/366/366 365/365/365
f 367/367/367 369/369/369 368/368/368
f 370/370/370 372/372/372 371/371/371
f 373/373/373 375/375/375 374/374/374
f 376/376/376 378/378/378 377/377/377
f 379/379/379 381/381/381 380/380/380
f 382/382/382 384/384/384 383/383/383
f 385/385/385 387/387/387 386/386/386
f 388/388/388 390/390/390 389/389/389
f 391/391/391 393/393/393 392/392/392
f 394/394/394 396/396/396 395/395/395
f 397/397/397 399/399/399 398/398/398
f 400/400/400 402/402/402 401/401/401
f 403/403/403 405/405/405 404/404/404
f 406/406/406 408/408/408 407/407/407
f 409/409/409 411/411/411 410/410/410
f 412/412/412 414/414/414 413/413/413
f 415/415/415 417/417/417 416/416/416
f 418/418/418 420/420/420 419/419/419
f 421/421/421 423/423/423 422/422/422
f 424/424/424 426/426/426 425/425/425
f 427/427/427 429/429/429 428/428/428
f 430/430/430 432/432/432 431/431/431
f 433/433/433 435/435/435 434/434/434
f 436/436/436 438/438/438 437/437/437
f 439/439/439 441/441/441 440/440/440
f 442/442/442 444/444/444 443/443/443
f 445/445/445 447/447/447 446/446/446
f 448/448/448 450/450/450 449/449/449
f 451/451/451 453/453/453 452/452/452
f 454/454/454 456/456/456 455/455/455
f 457/457/457 459/459/459 458/458/458
f 460/460/460 462/462/462 461/461/461
f 463/463/463 465/465/465 464/464/464
f 466/466/466 468/468/468 467/467/467
f 469/469/469 471/471/471 470/470/470
f 472/472/472 474/474/474 473/473/473
f 475/475/475 477/477/477 476/476/476
f 478/478/478 480/480/480 479/479/479
f 481/481/481 483/483/483 482/482/482
f 484/484/484 486/486/486 485/485/485
f 487/487/487 489/489/489 488/488/488
f 490/490/490 492/492/492 491/491/491
f 493/493/493 495/495/495 494/494/494
f 496/496/496 498/498/498 497/497/497
f 499/499/499 501/501/501 500/500/500
f 502/502/502 504/504/504 503/503/503
f 505/505/505 507/507/507 506/506/506
f 508/508/508 510/510/510 509/509/509
f 511/511/511 513/513/513 512/512/512
f 514/514/514 516/516/516 515/515/515
f 517/517/517 519/519/519 518/518/518
f 520/520/520 522/522/522 521/521/521
f 523/523/523 525/525/525 524/524/524
f 526/526/526 528/528/528 527/527/527
f 529/529/529 531/531/531 530/530/530
f 532/532/532 534/534/534 533/533/533
f 535/535/535 537/537/537 536/536/536
f 538/538/538 540/540/540 539/539/539
f 541/541/541 543/543/543 542/542/542
f 544/544/544 546/546/546 545/545/545
f 547/547/547 549/549/549 548/548/548
f 550/550/550 552/552/552 551/551/551
f 553/553/553 555/555/555 554/554/554
f 556/556/556 558/558/558 557/557/557
f 559/559/559 561/561/561 560/560/560
f 562/562/562 564/564/564 563/563/563
f 565/565/565 567/567/567 566/566/566
f 568/568/568 570/570/570 569/569/569
f 571/571/571 573/573/573 572/572/572
f 574/574/574 576/576/576 575/575/575
f 577/577/577 579/579/579 578/578/578
f 580/580/580 582/582/582 581/581/581
f 583/583/583 585/585/585 584/584/584
f 586/586/586 588/588/588 587/587/587
f 589/589/589 591/591/591 590/590/590
f 592/592/592 594/594/594 593/593/593
f 595/595/595 597/597/597 596/596/596
f 598/598/598 600/600/600 599/599/599
f 601/601/601 603/603/603 602/602/602
f 604/604/604 606/606/606 605/605/605
f 607/607/607 609/609/609 608/608/608
f 610/610/610 612/612/612 611/611/611
f 613/613/613 615/615/615 614/614/614
f 616/616/616 618/618/618 617/617/617
f 619/619/619 621/621/621 620/620/620
f 622/622/622 624/624/624 623/623/623
f 625/625/625 627/627/627 626/626/626
f 628/628/628 630/630/630 629/629/629
f 631/631/631 633/633/633 632/632/632
f 634/634/634 636/636/636 635/635/635
f 637/637/637 639/639/639 638/638/638
f 640/640/640 642/642/642 641/641/641
f 643/643/643 645/645/645 644/644/644
f 646/646/646 648/648/648 647/647/647
f 649/649/649 651/651/651 650/650/650
f 652/652/652 654/654/654 653/653/653
f 655/655/655 657/657/657 656/656/656
f 658/658/658 660/660/660 659/659/659
f 661/661/661 663/663/663 662/662/662
f 664/664/664 666/666/666 665/665/665
f 667/667/667 669/669/669 668/668/668
f 670/670/670 672/672/672 671/671/671
f 673/673/673 675/675/675 674/674/674
f 676/676/676 678/678/678 677/677/677
f 679/679/679 681/681/681 680/680/680
f 682/682/682 684/684/684 683/683/683
f 685/685/685 687/687/687 686/686/686
f 688/688/688 690/690/690 689/689/689
f 691/691/691 693/693/693 692/692/692
f 694/694/694 696/696/696 695/695/695
f 697/697/697 699/699/699 698/698/698
f 700/700/700 702/702/702 701/701/701
f 703/703/703 705/705/705 704/704/704
f 706/706/706 708/708/708 707/707/707
f 709/709/709 711/711/711 710/710/710
f 712/712/712 714/714/714 713/713/713
f 715/715/715 717/717/717 716/716/716
f 718/718/718 720/720/720 719/719/719
f 721/721/721 723/723/723 722/722/722
f 724/724/724 726/726/726 725/725/725
f 727/727/727 729/729/729 728/728/728
f 730/730/730 732/732/732 731/731/731
f 733/733/733 735/735/735 734/734/734
f 736/736/736 738/738/738 737/737/737
f 739/739/739 741/741/741 740/740/740
f 742/742/742 744/744/744 743/743/743
f 745/745/745 747/747/747 746/746/746
f 748/748/748 750/750/750 749/749/749
f 751/751/751 753/753/753 752/752/752
f 754/754/754 756/756/756 755/755/755
